1.4901309999999999
1.4901309999999999
1.4901309999999999
1.4901309999999999
1.4901309999999999
1.4901309999999999
1.4901309999999999
1.4901309999999999
1.4901309999999999
1.4901309999999999
1.4901309999999999
1.4901309999999999
1.4901309999999999
1.4901309999999999
1.4901309999999999
1.4901309999999999
1.4901309999999999
1.4901309999999999
1.4901309999999999
1.4901309999999999
1.4901309999999999
1.4901309999999999
1.4901309999999999
1.4901309999999999
1.4901309999999999
1.4901309999999999
1.4901309999999999
1.4901309999999999
1.4901309999999999
1.4901309999999999
1.4901309999999999
1.4901309999999999
1.4901309999999999
1.4901309999999999
1.4901309999999999
1.4901309999999999
1.4901309999999999
1.4901309999999999
1.4901309999999999
1.4901309999999999
1.4901309999999999
1.4901309999999999
1.4901309999999999
1.4901309999999999
1.4901309999999999
1.4901309999999999
1.4901309999999999
1.4901309999999999
1.4901309999999999
1.4901309999999999
1.4901309999999999
1.4901309999999999
1.4901309999999999
1.4901309999999999
1.4901309999999999
1.4901309999999999
1.4901309999999999
1.4901309999999999
1.4901309999999999
1.4901309999999999
1.4901309999999999
1.4901309999999999
1.4901309999999999
1.4901309999999999
1.4901309999999999
1.4901309999999999
1.4901309999999999
1.4901309999999999
1.4901309999999999
1.4901309999999999
1.4901309999999999
1.4901309999999999
-1.4901340000000003
-1.4901340000000003
-1.4901340000000003
-1.4901340000000003
-1.4901340000000003
-1.4901340000000003
-1.4901340000000003
-1.4901340000000003
-1.4901340000000003
-1.4901340000000003
-1.4901340000000003
-1.4901340000000003
-1.4901340000000003
-1.4901340000000003
-1.4901340000000003
-1.4901340000000003
-1.4901340000000003
-1.4901340000000003
-1.4901340000000003
-1.4901340000000003
-1.4901340000000003
-1.4901340000000003
-1.4901340000000003
-1.4901340000000003
-1.4901340000000003
-1.4901340000000003
-1.4901340000000003
-1.4901340000000003
-1.4901340000000003
-1.4901340000000003
-1.4901340000000003
-1.4901340000000003
-1.4901340000000003
-1.4901340000000003
-1.4901340000000003
-1.4901340000000003
-1.4901340000000003
-1.4901340000000003
-1.4901340000000003
-1.4901340000000003
-1.4901340000000003
-1.4901340000000003
-1.4901340000000003
-1.4901340000000003
-1.4901340000000003
-1.4901340000000003
-1.4901340000000003
-1.4901340000000003
-1.4901340000000003
-1.4901340000000003
-1.4901340000000003
-1.4901340000000003
-1.4901340000000003
-1.4901340000000003
-1.4901340000000003
-1.4901340000000003
-1.4901340000000003
-1.4901340000000003
-1.4901340000000003
-1.4901340000000003
-1.4901340000000003
-1.4901340000000003
-1.4901340000000003
-1.4901340000000003
-1.4901340000000003
-1.4901340000000003
-1.4901340000000003
-1.4901340000000003
-1.4901340000000003
-1.4901340000000003
-1.4901340000000003
-1.4901340000000003
