0.8929130000000001
0.7836239999999997
0.7258890000000005
2.3509599999999997
0.8929130000000001
0.7836239999999997
0.7258890000000005
2.3509599999999997
0.8929130000000001
0.7836239999999997
0.7258890000000005
2.3509599999999997
0.8929130000000001
0.7836239999999997
0.7258890000000005
2.3509599999999997
0.8929130000000001
0.7836239999999997
0.7258890000000005
2.3509599999999997
0.8929130000000001
0.7836239999999997
0.7258890000000005
2.3509599999999997
0.8929130000000001
0.7836239999999997
0.7258890000000005
2.3509599999999997
0.8929130000000001
0.7836239999999997
0.7258890000000005
2.3509599999999997
0.8929130000000001
0.7836239999999997
0.7258890000000005
2.3509599999999997
0.8929130000000001
0.7836239999999997
0.7258890000000005
2.3509599999999997
0.8929130000000001
0.7836239999999997
0.7258890000000005
2.3509599999999997
0.8929130000000001
0.7836239999999997
0.7258890000000005
2.3509599999999997
0.8929130000000001
0.7836239999999997
0.7258890000000005
2.3509599999999997
0.8929130000000001
0.7836239999999997
0.7258890000000005
2.3509599999999997
0.8929130000000001
0.7836239999999997
0.7258890000000005
2.3509599999999997
0.8929130000000001
0.7836239999999997
0.7258890000000005
2.3509599999999997
0.8929130000000001
0.7836239999999997
0.7258890000000005
2.3509599999999997
0.8929130000000001
0.7836239999999997
0.7258890000000005
2.3509599999999997
0.8929130000000001
0.7836239999999997
0.7258890000000005
2.3509599999999997
0.8929130000000001
0.7836239999999997
0.7258890000000005
2.3509599999999997
0.8929130000000001
0.7836239999999997
0.7258890000000005
2.3509599999999997
0.8929130000000001
0.7836239999999997
0.7258890000000005
2.3509599999999997
0.8929130000000001
0.7836239999999997
0.7258890000000005
2.3509599999999997
0.8929130000000001
0.7836239999999997
0.7258890000000005
2.3509599999999997
0.8929130000000001
0.7836239999999997
0.7258890000000005
2.3509599999999997
0.8929130000000001
0.7836239999999997
0.7258890000000005
2.3509599999999997
0.8929130000000001
0.7836239999999997
0.7258890000000005
2.3509599999999997
-1.1977229999999999
-1.2071630000000004
-1.1701160000000002
-1.1783840000000003
-1.1977229999999999
-1.2071630000000004
-1.1701160000000002
-1.1783840000000003
-1.1977229999999999
-1.2071630000000004
-1.1701160000000002
-1.1783840000000003
-1.1977229999999999
-1.2071630000000004
-1.1701160000000002
-1.1783840000000003
-1.1977229999999999
-1.2071630000000004
-1.1701160000000002
-1.1783840000000003
-1.1977229999999999
-1.2071630000000004
-1.1701160000000002
-1.1783840000000003
-1.1977229999999999
-1.2071630000000004
-1.1701160000000002
-1.1783840000000003
-1.1977229999999999
-1.2071630000000004
-1.1701160000000002
-1.1783840000000003
-1.1977229999999999
-1.2071630000000004
-1.1701160000000002
-1.1783840000000003
-1.1977229999999999
-1.2071630000000004
-1.1701160000000002
-1.1783840000000003
-1.1977229999999999
-1.2071630000000004
-1.1701160000000002
-1.1783840000000003
-1.1977229999999999
-1.2071630000000004
-1.1701160000000002
-1.1783840000000003
-1.1977229999999999
-1.2071630000000004
-1.1701160000000002
-1.1783840000000003
-1.1977229999999999
-1.2071630000000004
-1.1701160000000002
-1.1783840000000003
-1.1977229999999999
-1.2071630000000004
-1.1701160000000002
-1.1783840000000003
-1.1977229999999999
-1.2071630000000004
-1.1701160000000002
-1.1783840000000003
-1.1977229999999999
-1.2071630000000004
-1.1701160000000002
-1.1783840000000003
-1.1977229999999999
-1.2071630000000004
-1.1701160000000002
-1.1783840000000003
-1.1977229999999999
-1.2071630000000004
-1.1701160000000002
-1.1783840000000003
-1.1977229999999999
-1.2071630000000004
-1.1701160000000002
-1.1783840000000003
-1.1977229999999999
-1.2071630000000004
-1.1701160000000002
-1.1783840000000003
-1.1977229999999999
-1.2071630000000004
-1.1701160000000002
-1.1783840000000003
-1.1977229999999999
-1.2071630000000004
-1.1701160000000002
-1.1783840000000003
-1.1977229999999999
-1.2071630000000004
-1.1701160000000002
-1.1783840000000003
-1.1977229999999999
-1.2071630000000004
-1.1701160000000002
-1.1783840000000003
-1.1977229999999999
-1.2071630000000004
-1.1701160000000002
-1.1783840000000003
-1.1977229999999999
-1.2071630000000004
-1.1701160000000002
-1.1783840000000003
