1.4929140000000007
1.4929140000000007
1.4929140000000007
1.4929140000000007
1.4929140000000007
1.4929140000000007
1.4929140000000007
1.4929140000000007
1.4929140000000007
1.4929140000000007
1.4929140000000007
1.4929140000000007
1.4929140000000007
1.4929140000000007
1.4929140000000007
1.4929140000000007
1.4929140000000007
1.4929140000000007
1.4929140000000007
1.4929140000000007
1.4929140000000007
1.4929140000000007
1.4929140000000007
1.4929140000000007
1.4929140000000007
1.4929140000000007
1.4929140000000007
1.4929140000000007
1.4929140000000007
1.4929140000000007
1.4929140000000007
1.4929140000000007
1.4929140000000007
1.4929140000000007
1.4929140000000007
1.4929140000000007
1.4929140000000007
1.4929140000000007
1.4929140000000007
1.4929140000000007
1.4929140000000007
1.4929140000000007
1.4929140000000007
1.4929140000000007
1.4929140000000007
1.4929140000000007
1.4929140000000007
1.4929140000000007
1.4929140000000007
1.4929140000000007
1.4929140000000007
1.4929140000000007
1.4929140000000007
1.4929140000000007
1.4929140000000007
1.4929140000000007
1.4929140000000007
1.4929140000000007
1.4929140000000007
1.4929140000000007
1.4929140000000007
1.4929140000000007
1.4929140000000007
1.4929140000000007
1.4929140000000007
1.4929140000000007
1.4929140000000007
1.4929140000000007
1.4929140000000007
1.4929140000000007
1.4929140000000007
1.4929140000000007
-1.4929170000000003
-1.4929170000000003
-1.4929170000000003
-1.4929170000000003
-1.4929170000000003
-1.4929170000000003
-1.4929170000000003
-1.4929170000000003
-1.4929170000000003
-1.4929170000000003
-1.4929170000000003
-1.4929170000000003
-1.4929170000000003
-1.4929170000000003
-1.4929170000000003
-1.4929170000000003
-1.4929170000000003
-1.4929170000000003
-1.4929170000000003
-1.4929170000000003
-1.4929170000000003
-1.4929170000000003
-1.4929170000000003
-1.4929170000000003
-1.4929170000000003
-1.4929170000000003
-1.4929170000000003
-1.4929170000000003
-1.4929170000000003
-1.4929170000000003
-1.4929170000000003
-1.4929170000000003
-1.4929170000000003
-1.4929170000000003
-1.4929170000000003
-1.4929170000000003
-1.4929170000000003
-1.4929170000000003
-1.4929170000000003
-1.4929170000000003
-1.4929170000000003
-1.4929170000000003
-1.4929170000000003
-1.4929170000000003
-1.4929170000000003
-1.4929170000000003
-1.4929170000000003
-1.4929170000000003
-1.4929170000000003
-1.4929170000000003
-1.4929170000000003
-1.4929170000000003
-1.4929170000000003
-1.4929170000000003
-1.4929170000000003
-1.4929170000000003
-1.4929170000000003
-1.4929170000000003
-1.4929170000000003
-1.4929170000000003
-1.4929170000000003
-1.4929170000000003
-1.4929170000000003
-1.4929170000000003
-1.4929170000000003
-1.4929170000000003
-1.4929170000000003
-1.4929170000000003
-1.4929170000000003
-1.4929170000000003
-1.4929170000000003
-1.4929170000000003
