0.9599630000000001
0.9599630000000001
0.9599630000000001
0.9599630000000001
0.9599630000000001
0.9599630000000001
0.9599630000000001
0.9599630000000001
0.9599630000000001
0.9599630000000001
0.9599630000000001
0.9599630000000001
0.9599630000000001
0.9599630000000001
0.9599630000000001
0.9599630000000001
0.9599630000000001
0.9599630000000001
0.9599630000000001
0.9599630000000001
0.9599630000000001
0.9599630000000001
0.9599630000000001
0.9599630000000001
0.9599630000000001
0.9599630000000001
0.9599630000000001
0.9599630000000001
0.9599630000000001
0.9599630000000001
0.9599630000000001
0.9599630000000001
-0.9599630000000001
-0.9599630000000001
-0.9599630000000001
-0.9599630000000001
-0.9599630000000001
-0.9599630000000001
-0.9599630000000001
-0.9599630000000001
-0.9599630000000001
-0.9599630000000001
-0.9599630000000001
-0.9599630000000001
-0.9599630000000001
-0.9599630000000001
-0.9599630000000001
-0.9599630000000001
-0.9599630000000001
-0.9599630000000001
-0.9599630000000001
-0.9599630000000001
-0.9599630000000001
-0.9599630000000001
-0.9599630000000001
-0.9599630000000001
-0.9599630000000001
-0.9599630000000001
-0.9599630000000001
-0.9599630000000001
-0.9599630000000001
-0.9599630000000001
-0.9599630000000001
-0.9599630000000001
