1.3815179999999998
1.246366
1.2961360000000006
1.3182139999999993
1.3815179999999998
1.246366
1.2961360000000006
1.3182139999999993
1.3815179999999998
1.246366
1.2961360000000006
1.3182139999999993
1.3815179999999998
1.246366
1.2961360000000006
1.3182139999999993
1.3815179999999998
1.246366
1.2961360000000006
1.3182139999999993
1.3815179999999998
1.246366
1.2961360000000006
1.3182139999999993
1.3815179999999998
1.246366
1.2961360000000006
1.3182139999999993
1.3815179999999998
1.246366
1.2961360000000006
1.3182139999999993
1.3815179999999998
1.246366
1.2961360000000006
1.3182139999999993
1.3815179999999998
1.246366
1.2961360000000006
1.3182139999999993
1.3815179999999998
1.246366
1.2961360000000006
1.3182139999999993
1.3815179999999998
1.246366
1.2961360000000006
1.3182139999999993
1.3815179999999998
1.246366
1.2961360000000006
1.3182139999999993
1.3815179999999998
1.246366
1.2961360000000006
1.3182139999999993
1.3815179999999998
1.246366
1.2961360000000006
1.3182139999999993
1.3815179999999998
1.246366
1.2961360000000006
1.3182139999999993
1.3815179999999998
1.246366
1.2961360000000006
1.3182139999999993
1.3815179999999998
1.246366
1.2961360000000006
1.3182139999999993
1.3815179999999998
1.246366
1.2961360000000006
1.3182139999999993
1.3815179999999998
1.246366
1.2961360000000006
1.3182139999999993
1.3815179999999998
1.246366
1.2961360000000006
1.3182139999999993
1.3815179999999998
1.246366
1.2961360000000006
1.3182139999999993
1.3815179999999998
1.246366
1.2961360000000006
1.3182139999999993
1.3815179999999998
1.246366
1.2961360000000006
1.3182139999999993
1.3815179999999998
1.246366
1.2961360000000006
1.3182139999999993
1.3815179999999998
1.246366
1.2961360000000006
1.3182139999999993
1.3815179999999998
1.246366
1.2961360000000006
1.3182139999999993
-1.282998
-1.277494
-1.3258359999999998
-1.355906
-1.282998
-1.277494
-1.3258359999999998
-1.355906
-1.282998
-1.277494
-1.3258359999999998
-1.355906
-1.282998
-1.277494
-1.3258359999999998
-1.355906
-1.282998
-1.277494
-1.3258359999999998
-1.355906
-1.282998
-1.277494
-1.3258359999999998
-1.355906
-1.282998
-1.277494
-1.3258359999999998
-1.355906
-1.282998
-1.277494
-1.3258359999999998
-1.355906
-1.282998
-1.277494
-1.3258359999999998
-1.355906
-1.282998
-1.277494
-1.3258359999999998
-1.355906
-1.282998
-1.277494
-1.3258359999999998
-1.355906
-1.282998
-1.277494
-1.3258359999999998
-1.355906
-1.282998
-1.277494
-1.3258359999999998
-1.355906
-1.282998
-1.277494
-1.3258359999999998
-1.355906
-1.282998
-1.277494
-1.3258359999999998
-1.355906
-1.282998
-1.277494
-1.3258359999999998
-1.355906
-1.282998
-1.277494
-1.3258359999999998
-1.355906
-1.282998
-1.277494
-1.3258359999999998
-1.355906
-1.282998
-1.277494
-1.3258359999999998
-1.355906
-1.282998
-1.277494
-1.3258359999999998
-1.355906
-1.282998
-1.277494
-1.3258359999999998
-1.355906
-1.282998
-1.277494
-1.3258359999999998
-1.355906
-1.282998
-1.277494
-1.3258359999999998
-1.355906
-1.282998
-1.277494
-1.3258359999999998
-1.355906
-1.282998
-1.277494
-1.3258359999999998
-1.355906
-1.282998
-1.277494
-1.3258359999999998
-1.355906
-1.282998
-1.277494
-1.3258359999999998
-1.355906
