1.271528
1.271528
1.271528
1.271528
1.271528
1.271528
1.271528
1.271528
1.271528
1.271528
1.271528
1.271528
1.271528
1.271528
1.271528
1.271528
1.271528
1.271528
1.271528
1.271528
1.271528
1.271528
1.271528
1.271528
1.271528
1.271528
1.271528
1.271528
1.271528
1.271528
1.271528
1.271528
-1.2715290000000001
-1.2715290000000001
-1.2715290000000001
-1.2715290000000001
-1.2715290000000001
-1.2715290000000001
-1.2715290000000001
-1.2715290000000001
-1.2715290000000001
-1.2715290000000001
-1.2715290000000001
-1.2715290000000001
-1.2715290000000001
-1.2715290000000001
-1.2715290000000001
-1.2715290000000001
-1.2715290000000001
-1.2715290000000001
-1.2715290000000001
-1.2715290000000001
-1.2715290000000001
-1.2715290000000001
-1.2715290000000001
-1.2715290000000001
-1.2715290000000001
-1.2715290000000001
-1.2715290000000001
-1.2715290000000001
-1.2715290000000001
-1.2715290000000001
-1.2715290000000001
-1.2715290000000001
