1.0670929999999998
1.1388680000000004
1.1483950000000007
0.19323100000000082
1.0670929999999998
1.1388680000000004
1.1483950000000007
0.19323100000000082
1.0670929999999998
1.1388680000000004
1.1483950000000007
0.19323100000000082
1.0670929999999998
1.1388680000000004
1.1483950000000007
0.19323100000000082
1.0670929999999998
1.1388680000000004
1.1483950000000007
0.19323100000000082
1.0670929999999998
1.1388680000000004
1.1483950000000007
0.19323100000000082
1.0670929999999998
1.1388680000000004
1.1483950000000007
0.19323100000000082
1.0670929999999998
1.1388680000000004
1.1483950000000007
0.19323100000000082
1.0670929999999998
1.1388680000000004
1.1483950000000007
0.19323100000000082
1.0670929999999998
1.1388680000000004
1.1483950000000007
0.19323100000000082
1.0670929999999998
1.1388680000000004
1.1483950000000007
0.19323100000000082
1.0670929999999998
1.1388680000000004
1.1483950000000007
0.19323100000000082
1.0670929999999998
1.1388680000000004
1.1483950000000007
0.19323100000000082
1.0670929999999998
1.1388680000000004
1.1483950000000007
0.19323100000000082
1.0670929999999998
1.1388680000000004
1.1483950000000007
0.19323100000000082
1.0670929999999998
1.1388680000000004
1.1483950000000007
0.19323100000000082
1.0670929999999998
1.1388680000000004
1.1483950000000007
0.19323100000000082
1.0670929999999998
1.1388680000000004
1.1483950000000007
0.19323100000000082
1.0670929999999998
1.1388680000000004
1.1483950000000007
0.19323100000000082
1.0670929999999998
1.1388680000000004
1.1483950000000007
0.19323100000000082
1.0670929999999998
1.1388680000000004
1.1483950000000007
0.19323100000000082
1.0670929999999998
1.1388680000000004
1.1483950000000007
0.19323100000000082
1.0670929999999998
1.1388680000000004
1.1483950000000007
0.19323100000000082
1.0670929999999998
1.1388680000000004
1.1483950000000007
0.19323100000000082
1.0670929999999998
1.1388680000000004
1.1483950000000007
0.19323100000000082
1.0670929999999998
1.1388680000000004
1.1483950000000007
0.19323100000000082
1.0670929999999998
1.1388680000000004
1.1483950000000007
0.19323100000000082
-0.7107479999999997
-1.0963469999999997
-0.7114409999999998
-1.0290470000000003
-0.7107479999999997
-1.0963469999999997
-0.7114409999999998
-1.0290470000000003
-0.7107479999999997
-1.0963469999999997
-0.7114409999999998
-1.0290470000000003
-0.7107479999999997
-1.0963469999999997
-0.7114409999999998
-1.0290470000000003
-0.7107479999999997
-1.0963469999999997
-0.7114409999999998
-1.0290470000000003
-0.7107479999999997
-1.0963469999999997
-0.7114409999999998
-1.0290470000000003
-0.7107479999999997
-1.0963469999999997
-0.7114409999999998
-1.0290470000000003
-0.7107479999999997
-1.0963469999999997
-0.7114409999999998
-1.0290470000000003
-0.7107479999999997
-1.0963469999999997
-0.7114409999999998
-1.0290470000000003
-0.7107479999999997
-1.0963469999999997
-0.7114409999999998
-1.0290470000000003
-0.7107479999999997
-1.0963469999999997
-0.7114409999999998
-1.0290470000000003
-0.7107479999999997
-1.0963469999999997
-0.7114409999999998
-1.0290470000000003
-0.7107479999999997
-1.0963469999999997
-0.7114409999999998
-1.0290470000000003
-0.7107479999999997
-1.0963469999999997
-0.7114409999999998
-1.0290470000000003
-0.7107479999999997
-1.0963469999999997
-0.7114409999999998
-1.0290470000000003
-0.7107479999999997
-1.0963469999999997
-0.7114409999999998
-1.0290470000000003
-0.7107479999999997
-1.0963469999999997
-0.7114409999999998
-1.0290470000000003
-0.7107479999999997
-1.0963469999999997
-0.7114409999999998
-1.0290470000000003
-0.7107479999999997
-1.0963469999999997
-0.7114409999999998
-1.0290470000000003
-0.7107479999999997
-1.0963469999999997
-0.7114409999999998
-1.0290470000000003
-0.7107479999999997
-1.0963469999999997
-0.7114409999999998
-1.0290470000000003
-0.7107479999999997
-1.0963469999999997
-0.7114409999999998
-1.0290470000000003
-0.7107479999999997
-1.0963469999999997
-0.7114409999999998
-1.0290470000000003
-0.7107479999999997
-1.0963469999999997
-0.7114409999999998
-1.0290470000000003
-0.7107479999999997
-1.0963469999999997
-0.7114409999999998
-1.0290470000000003
-0.7107479999999997
-1.0963469999999997
-0.7114409999999998
-1.0290470000000003
-0.7107479999999997
-1.0963469999999997
-0.7114409999999998
-1.0290470000000003
