1.4380659999999992
1.4380659999999992
1.4380659999999992
1.4380659999999992
1.4380659999999992
1.4380659999999992
1.4380659999999992
1.4380659999999992
1.4380659999999992
1.4380659999999992
1.4380659999999992
1.4380659999999992
1.4380659999999992
1.4380659999999992
1.4380659999999992
1.4380659999999992
1.4380659999999992
1.4380659999999992
1.4380659999999992
1.4380659999999992
1.4380659999999992
1.4380659999999992
1.4380659999999992
1.4380659999999992
1.4380659999999992
1.4380659999999992
1.4380659999999992
1.4380659999999992
1.4380659999999992
1.4380659999999992
1.4380659999999992
1.4380659999999992
-1.4380680000000003
-1.4380680000000003
-1.4380680000000003
-1.4380680000000003
-1.4380680000000003
-1.4380680000000003
-1.4380680000000003
-1.4380680000000003
-1.4380680000000003
-1.4380680000000003
-1.4380680000000003
-1.4380680000000003
-1.4380680000000003
-1.4380680000000003
-1.4380680000000003
-1.4380680000000003
-1.4380680000000003
-1.4380680000000003
-1.4380680000000003
-1.4380680000000003
-1.4380680000000003
-1.4380680000000003
-1.4380680000000003
-1.4380680000000003
-1.4380680000000003
-1.4380680000000003
-1.4380680000000003
-1.4380680000000003
-1.4380680000000003
-1.4380680000000003
-1.4380680000000003
-1.4380680000000003
