0.9191009999999995
0.9191009999999995
0.9191009999999995
0.9191009999999995
0.9191009999999995
0.9191009999999995
0.9191009999999995
0.9191009999999995
0.9191009999999995
0.9191009999999995
0.9191009999999995
0.9191009999999995
0.9191009999999995
0.9191009999999995
0.9191009999999995
0.9191009999999995
0.9191009999999995
0.9191009999999995
0.9191009999999995
0.9191009999999995
0.9191009999999995
0.9191009999999995
0.9191009999999995
0.9191009999999995
0.9191009999999995
0.9191009999999995
0.9191009999999995
0.9191009999999995
0.9191009999999995
0.9191009999999995
0.9191009999999995
0.9191009999999995
-0.9190990000000001
-0.9190990000000001
-0.9190990000000001
-0.9190990000000001
-0.9190990000000001
-0.9190990000000001
-0.9190990000000001
-0.9190990000000001
-0.9190990000000001
-0.9190990000000001
-0.9190990000000001
-0.9190990000000001
-0.9190990000000001
-0.9190990000000001
-0.9190990000000001
-0.9190990000000001
-0.9190990000000001
-0.9190990000000001
-0.9190990000000001
-0.9190990000000001
-0.9190990000000001
-0.9190990000000001
-0.9190990000000001
-0.9190990000000001
-0.9190990000000001
-0.9190990000000001
-0.9190990000000001
-0.9190990000000001
-0.9190990000000001
-0.9190990000000001
-0.9190990000000001
-0.9190990000000001
