1.301679
0.44544600000000045
0.22694300000000034
1.0907660000000003
1.301679
0.44544600000000045
0.22694300000000034
1.0907660000000003
1.301679
0.44544600000000045
0.22694300000000034
1.0907660000000003
1.301679
0.44544600000000045
0.22694300000000034
1.0907660000000003
1.301679
0.44544600000000045
0.22694300000000034
1.0907660000000003
1.301679
0.44544600000000045
0.22694300000000034
1.0907660000000003
1.301679
0.44544600000000045
0.22694300000000034
1.0907660000000003
1.301679
0.44544600000000045
0.22694300000000034
1.0907660000000003
1.301679
0.44544600000000045
0.22694300000000034
1.0907660000000003
1.301679
0.44544600000000045
0.22694300000000034
1.0907660000000003
1.301679
0.44544600000000045
0.22694300000000034
1.0907660000000003
1.301679
0.44544600000000045
0.22694300000000034
1.0907660000000003
1.301679
0.44544600000000045
0.22694300000000034
1.0907660000000003
1.301679
0.44544600000000045
0.22694300000000034
1.0907660000000003
1.301679
0.44544600000000045
0.22694300000000034
1.0907660000000003
1.301679
0.44544600000000045
0.22694300000000034
1.0907660000000003
1.301679
0.44544600000000045
0.22694300000000034
1.0907660000000003
1.301679
0.44544600000000045
0.22694300000000034
1.0907660000000003
1.301679
0.44544600000000045
0.22694300000000034
1.0907660000000003
1.301679
0.44544600000000045
0.22694300000000034
1.0907660000000003
1.301679
0.44544600000000045
0.22694300000000034
1.0907660000000003
1.301679
0.44544600000000045
0.22694300000000034
1.0907660000000003
1.301679
0.44544600000000045
0.22694300000000034
1.0907660000000003
1.301679
0.44544600000000045
0.22694300000000034
1.0907660000000003
1.301679
0.44544600000000045
0.22694300000000034
1.0907660000000003
1.301679
0.44544600000000045
0.22694300000000034
1.0907660000000003
1.301679
0.44544600000000045
0.22694300000000034
1.0907660000000003
-0.48027399999999965
-0.6424880000000002
-1.0831609999999996
-0.8589099999999998
-0.48027399999999965
-0.6424880000000002
-1.0831609999999996
-0.8589099999999998
-0.48027399999999965
-0.6424880000000002
-1.0831609999999996
-0.8589099999999998
-0.48027399999999965
-0.6424880000000002
-1.0831609999999996
-0.8589099999999998
-0.48027399999999965
-0.6424880000000002
-1.0831609999999996
-0.8589099999999998
-0.48027399999999965
-0.6424880000000002
-1.0831609999999996
-0.8589099999999998
-0.48027399999999965
-0.6424880000000002
-1.0831609999999996
-0.8589099999999998
-0.48027399999999965
-0.6424880000000002
-1.0831609999999996
-0.8589099999999998
-0.48027399999999965
-0.6424880000000002
-1.0831609999999996
-0.8589099999999998
-0.48027399999999965
-0.6424880000000002
-1.0831609999999996
-0.8589099999999998
-0.48027399999999965
-0.6424880000000002
-1.0831609999999996
-0.8589099999999998
-0.48027399999999965
-0.6424880000000002
-1.0831609999999996
-0.8589099999999998
-0.48027399999999965
-0.6424880000000002
-1.0831609999999996
-0.8589099999999998
-0.48027399999999965
-0.6424880000000002
-1.0831609999999996
-0.8589099999999998
-0.48027399999999965
-0.6424880000000002
-1.0831609999999996
-0.8589099999999998
-0.48027399999999965
-0.6424880000000002
-1.0831609999999996
-0.8589099999999998
-0.48027399999999965
-0.6424880000000002
-1.0831609999999996
-0.8589099999999998
-0.48027399999999965
-0.6424880000000002
-1.0831609999999996
-0.8589099999999998
-0.48027399999999965
-0.6424880000000002
-1.0831609999999996
-0.8589099999999998
-0.48027399999999965
-0.6424880000000002
-1.0831609999999996
-0.8589099999999998
-0.48027399999999965
-0.6424880000000002
-1.0831609999999996
-0.8589099999999998
-0.48027399999999965
-0.6424880000000002
-1.0831609999999996
-0.8589099999999998
-0.48027399999999965
-0.6424880000000002
-1.0831609999999996
-0.8589099999999998
-0.48027399999999965
-0.6424880000000002
-1.0831609999999996
-0.8589099999999998
-0.48027399999999965
-0.6424880000000002
-1.0831609999999996
-0.8589099999999998
-0.48027399999999965
-0.6424880000000002
-1.0831609999999996
-0.8589099999999998
-0.48027399999999965
-0.6424880000000002
-1.0831609999999996
-0.8589099999999998
