0.8155800000000006
0.8155800000000006
0.8155800000000006
0.8155800000000006
0.8155800000000006
0.8155800000000006
0.8155800000000006
0.8155800000000006
0.8155800000000006
0.8155800000000006
0.8155800000000006
0.8155800000000006
0.8155800000000006
0.8155800000000006
0.8155800000000006
0.8155800000000006
0.8155800000000006
0.8155800000000006
0.8155800000000006
0.8155800000000006
0.8155800000000006
0.8155800000000006
0.8155800000000006
0.8155800000000006
0.8155800000000006
0.8155800000000006
0.8155800000000006
0.8155800000000006
0.8155800000000006
0.8155800000000006
0.8155800000000006
0.8155800000000006
-0.8155809999999999
-0.8155809999999999
-0.8155809999999999
-0.8155809999999999
-0.8155809999999999
-0.8155809999999999
-0.8155809999999999
-0.8155809999999999
-0.8155809999999999
-0.8155809999999999
-0.8155809999999999
-0.8155809999999999
-0.8155809999999999
-0.8155809999999999
-0.8155809999999999
-0.8155809999999999
-0.8155809999999999
-0.8155809999999999
-0.8155809999999999
-0.8155809999999999
-0.8155809999999999
-0.8155809999999999
-0.8155809999999999
-0.8155809999999999
-0.8155809999999999
-0.8155809999999999
-0.8155809999999999
-0.8155809999999999
-0.8155809999999999
-0.8155809999999999
-0.8155809999999999
-0.8155809999999999
