1.4910420000000002
1.4910420000000002
1.4910420000000002
1.4910420000000002
1.4910420000000002
1.4910420000000002
1.4910420000000002
1.4910420000000002
1.4910420000000002
1.4910420000000002
1.4910420000000002
1.4910420000000002
1.4910420000000002
1.4910420000000002
1.4910420000000002
1.4910420000000002
1.4910420000000002
1.4910420000000002
1.4910420000000002
1.4910420000000002
1.4910420000000002
1.4910420000000002
1.4910420000000002
1.4910420000000002
1.4910420000000002
1.4910420000000002
1.4910420000000002
1.4910420000000002
1.4910420000000002
1.4910420000000002
1.4910420000000002
1.4910420000000002
1.4910420000000002
1.4910420000000002
1.4910420000000002
1.4910420000000002
1.4910420000000002
1.4910420000000002
1.4910420000000002
1.4910420000000002
1.4910420000000002
1.4910420000000002
1.4910420000000002
1.4910420000000002
1.4910420000000002
1.4910420000000002
1.4910420000000002
1.4910420000000002
1.4910420000000002
1.4910420000000002
1.4910420000000002
1.4910420000000002
1.4910420000000002
1.4910420000000002
1.4910420000000002
1.4910420000000002
1.4910420000000002
1.4910420000000002
1.4910420000000002
1.4910420000000002
1.4910420000000002
1.4910420000000002
1.4910420000000002
1.4910420000000002
1.4910420000000002
1.4910420000000002
1.4910420000000002
1.4910420000000002
1.4910420000000002
1.4910420000000002
1.4910420000000002
1.4910420000000002
-1.4910430000000003
-1.4910430000000003
-1.4910430000000003
-1.4910430000000003
-1.4910430000000003
-1.4910430000000003
-1.4910430000000003
-1.4910430000000003
-1.4910430000000003
-1.4910430000000003
-1.4910430000000003
-1.4910430000000003
-1.4910430000000003
-1.4910430000000003
-1.4910430000000003
-1.4910430000000003
-1.4910430000000003
-1.4910430000000003
-1.4910430000000003
-1.4910430000000003
-1.4910430000000003
-1.4910430000000003
-1.4910430000000003
-1.4910430000000003
-1.4910430000000003
-1.4910430000000003
-1.4910430000000003
-1.4910430000000003
-1.4910430000000003
-1.4910430000000003
-1.4910430000000003
-1.4910430000000003
-1.4910430000000003
-1.4910430000000003
-1.4910430000000003
-1.4910430000000003
-1.4910430000000003
-1.4910430000000003
-1.4910430000000003
-1.4910430000000003
-1.4910430000000003
-1.4910430000000003
-1.4910430000000003
-1.4910430000000003
-1.4910430000000003
-1.4910430000000003
-1.4910430000000003
-1.4910430000000003
-1.4910430000000003
-1.4910430000000003
-1.4910430000000003
-1.4910430000000003
-1.4910430000000003
-1.4910430000000003
-1.4910430000000003
-1.4910430000000003
-1.4910430000000003
-1.4910430000000003
-1.4910430000000003
-1.4910430000000003
-1.4910430000000003
-1.4910430000000003
-1.4910430000000003
-1.4910430000000003
-1.4910430000000003
-1.4910430000000003
-1.4910430000000003
-1.4910430000000003
-1.4910430000000003
-1.4910430000000003
-1.4910430000000003
-1.4910430000000003
