1.2365879999999994
0.9999490000000009
1.0271380000000008
0.8736379999999997
1.2365879999999994
0.9999490000000009
1.0271380000000008
0.8736379999999997
1.2365879999999994
0.9999490000000009
1.0271380000000008
0.8736379999999997
1.2365879999999994
0.9999490000000009
1.0271380000000008
0.8736379999999997
1.2365879999999994
0.9999490000000009
1.0271380000000008
0.8736379999999997
1.2365879999999994
0.9999490000000009
1.0271380000000008
0.8736379999999997
1.2365879999999994
0.9999490000000009
1.0271380000000008
0.8736379999999997
1.2365879999999994
0.9999490000000009
1.0271380000000008
0.8736379999999997
1.2365879999999994
0.9999490000000009
1.0271380000000008
0.8736379999999997
1.2365879999999994
0.9999490000000009
1.0271380000000008
0.8736379999999997
1.2365879999999994
0.9999490000000009
1.0271380000000008
0.8736379999999997
1.2365879999999994
0.9999490000000009
1.0271380000000008
0.8736379999999997
1.2365879999999994
0.9999490000000009
1.0271380000000008
0.8736379999999997
1.2365879999999994
0.9999490000000009
1.0271380000000008
0.8736379999999997
1.2365879999999994
0.9999490000000009
1.0271380000000008
0.8736379999999997
1.2365879999999994
0.9999490000000009
1.0271380000000008
0.8736379999999997
1.2365879999999994
0.9999490000000009
1.0271380000000008
0.8736379999999997
1.2365879999999994
0.9999490000000009
1.0271380000000008
0.8736379999999997
1.2365879999999994
0.9999490000000009
1.0271380000000008
0.8736379999999997
1.2365879999999994
0.9999490000000009
1.0271380000000008
0.8736379999999997
1.2365879999999994
0.9999490000000009
1.0271380000000008
0.8736379999999997
1.2365879999999994
0.9999490000000009
1.0271380000000008
0.8736379999999997
1.2365879999999994
0.9999490000000009
1.0271380000000008
0.8736379999999997
1.2365879999999994
0.9999490000000009
1.0271380000000008
0.8736379999999997
1.2365879999999994
0.9999490000000009
1.0271380000000008
0.8736379999999997
1.2365879999999994
0.9999490000000009
1.0271380000000008
0.8736379999999997
1.2365879999999994
0.9999490000000009
1.0271380000000008
0.8736379999999997
-0.9288319999999999
-1.249447
-0.8588899999999997
-1.100143
-0.9288319999999999
-1.249447
-0.8588899999999997
-1.100143
-0.9288319999999999
-1.249447
-0.8588899999999997
-1.100143
-0.9288319999999999
-1.249447
-0.8588899999999997
-1.100143
-0.9288319999999999
-1.249447
-0.8588899999999997
-1.100143
-0.9288319999999999
-1.249447
-0.8588899999999997
-1.100143
-0.9288319999999999
-1.249447
-0.8588899999999997
-1.100143
-0.9288319999999999
-1.249447
-0.8588899999999997
-1.100143
-0.9288319999999999
-1.249447
-0.8588899999999997
-1.100143
-0.9288319999999999
-1.249447
-0.8588899999999997
-1.100143
-0.9288319999999999
-1.249447
-0.8588899999999997
-1.100143
-0.9288319999999999
-1.249447
-0.8588899999999997
-1.100143
-0.9288319999999999
-1.249447
-0.8588899999999997
-1.100143
-0.9288319999999999
-1.249447
-0.8588899999999997
-1.100143
-0.9288319999999999
-1.249447
-0.8588899999999997
-1.100143
-0.9288319999999999
-1.249447
-0.8588899999999997
-1.100143
-0.9288319999999999
-1.249447
-0.8588899999999997
-1.100143
-0.9288319999999999
-1.249447
-0.8588899999999997
-1.100143
-0.9288319999999999
-1.249447
-0.8588899999999997
-1.100143
-0.9288319999999999
-1.249447
-0.8588899999999997
-1.100143
-0.9288319999999999
-1.249447
-0.8588899999999997
-1.100143
-0.9288319999999999
-1.249447
-0.8588899999999997
-1.100143
-0.9288319999999999
-1.249447
-0.8588899999999997
-1.100143
-0.9288319999999999
-1.249447
-0.8588899999999997
-1.100143
-0.9288319999999999
-1.249447
-0.8588899999999997
-1.100143
-0.9288319999999999
-1.249447
-0.8588899999999997
-1.100143
-0.9288319999999999
-1.249447
-0.8588899999999997
-1.100143
