1.288385
1.191497
0.7729099999999995
1.198988
1.288385
1.191497
0.7729099999999995
1.198988
1.288385
1.191497
0.7729099999999995
1.198988
1.288385
1.191497
0.7729099999999995
1.198988
1.288385
1.191497
0.7729099999999995
1.198988
1.288385
1.191497
0.7729099999999995
1.198988
1.288385
1.191497
0.7729099999999995
1.198988
1.288385
1.191497
0.7729099999999995
1.198988
1.288385
1.191497
0.7729099999999995
1.198988
1.288385
1.191497
0.7729099999999995
1.198988
1.288385
1.191497
0.7729099999999995
1.198988
1.288385
1.191497
0.7729099999999995
1.198988
1.288385
1.191497
0.7729099999999995
1.198988
1.288385
1.191497
0.7729099999999995
1.198988
1.288385
1.191497
0.7729099999999995
1.198988
1.288385
1.191497
0.7729099999999995
1.198988
1.288385
1.191497
0.7729099999999995
1.198988
1.288385
1.191497
0.7729099999999995
1.198988
1.288385
1.191497
0.7729099999999995
1.198988
1.288385
1.191497
0.7729099999999995
1.198988
1.288385
1.191497
0.7729099999999995
1.198988
1.288385
1.191497
0.7729099999999995
1.198988
1.288385
1.191497
0.7729099999999995
1.198988
1.288385
1.191497
0.7729099999999995
1.198988
1.288385
1.191497
0.7729099999999995
1.198988
1.288385
1.191497
0.7729099999999995
1.198988
1.288385
1.191497
0.7729099999999995
1.198988
-1.0837580000000004
-1.0011850000000004
-1.3014299999999999
-1.0654060000000003
-1.0837580000000004
-1.0011850000000004
-1.3014299999999999
-1.0654060000000003
-1.0837580000000004
-1.0011850000000004
-1.3014299999999999
-1.0654060000000003
-1.0837580000000004
-1.0011850000000004
-1.3014299999999999
-1.0654060000000003
-1.0837580000000004
-1.0011850000000004
-1.3014299999999999
-1.0654060000000003
-1.0837580000000004
-1.0011850000000004
-1.3014299999999999
-1.0654060000000003
-1.0837580000000004
-1.0011850000000004
-1.3014299999999999
-1.0654060000000003
-1.0837580000000004
-1.0011850000000004
-1.3014299999999999
-1.0654060000000003
-1.0837580000000004
-1.0011850000000004
-1.3014299999999999
-1.0654060000000003
-1.0837580000000004
-1.0011850000000004
-1.3014299999999999
-1.0654060000000003
-1.0837580000000004
-1.0011850000000004
-1.3014299999999999
-1.0654060000000003
-1.0837580000000004
-1.0011850000000004
-1.3014299999999999
-1.0654060000000003
-1.0837580000000004
-1.0011850000000004
-1.3014299999999999
-1.0654060000000003
-1.0837580000000004
-1.0011850000000004
-1.3014299999999999
-1.0654060000000003
-1.0837580000000004
-1.0011850000000004
-1.3014299999999999
-1.0654060000000003
-1.0837580000000004
-1.0011850000000004
-1.3014299999999999
-1.0654060000000003
-1.0837580000000004
-1.0011850000000004
-1.3014299999999999
-1.0654060000000003
-1.0837580000000004
-1.0011850000000004
-1.3014299999999999
-1.0654060000000003
-1.0837580000000004
-1.0011850000000004
-1.3014299999999999
-1.0654060000000003
-1.0837580000000004
-1.0011850000000004
-1.3014299999999999
-1.0654060000000003
-1.0837580000000004
-1.0011850000000004
-1.3014299999999999
-1.0654060000000003
-1.0837580000000004
-1.0011850000000004
-1.3014299999999999
-1.0654060000000003
-1.0837580000000004
-1.0011850000000004
-1.3014299999999999
-1.0654060000000003
-1.0837580000000004
-1.0011850000000004
-1.3014299999999999
-1.0654060000000003
-1.0837580000000004
-1.0011850000000004
-1.3014299999999999
-1.0654060000000003
-1.0837580000000004
-1.0011850000000004
-1.3014299999999999
-1.0654060000000003
-1.0837580000000004
-1.0011850000000004
-1.3014299999999999
-1.0654060000000003
