1.171398
0.5315480000000008
0.4141510000000004
0.0660589999999992
1.171398
0.5315480000000008
0.4141510000000004
0.0660589999999992
1.171398
0.5315480000000008
0.4141510000000004
0.0660589999999992
1.171398
0.5315480000000008
0.4141510000000004
0.0660589999999992
1.171398
0.5315480000000008
0.4141510000000004
0.0660589999999992
1.171398
0.5315480000000008
0.4141510000000004
0.0660589999999992
1.171398
0.5315480000000008
0.4141510000000004
0.0660589999999992
1.171398
0.5315480000000008
0.4141510000000004
0.0660589999999992
1.171398
0.5315480000000008
0.4141510000000004
0.0660589999999992
1.171398
0.5315480000000008
0.4141510000000004
0.0660589999999992
1.171398
0.5315480000000008
0.4141510000000004
0.0660589999999992
1.171398
0.5315480000000008
0.4141510000000004
0.0660589999999992
1.171398
0.5315480000000008
0.4141510000000004
0.0660589999999992
1.171398
0.5315480000000008
0.4141510000000004
0.0660589999999992
1.171398
0.5315480000000008
0.4141510000000004
0.0660589999999992
1.171398
0.5315480000000008
0.4141510000000004
0.0660589999999992
1.171398
0.5315480000000008
0.4141510000000004
0.0660589999999992
1.171398
0.5315480000000008
0.4141510000000004
0.0660589999999992
1.171398
0.5315480000000008
0.4141510000000004
0.0660589999999992
1.171398
0.5315480000000008
0.4141510000000004
0.0660589999999992
1.171398
0.5315480000000008
0.4141510000000004
0.0660589999999992
1.171398
0.5315480000000008
0.4141510000000004
0.0660589999999992
1.171398
0.5315480000000008
0.4141510000000004
0.0660589999999992
1.171398
0.5315480000000008
0.4141510000000004
0.0660589999999992
1.171398
0.5315480000000008
0.4141510000000004
0.0660589999999992
1.171398
0.5315480000000008
0.4141510000000004
0.0660589999999992
1.171398
0.5315480000000008
0.4141510000000004
0.0660589999999992
-0.760046
-1.2519289999999996
0.5871959999999996
-0.7583760000000002
-0.760046
-1.2519289999999996
0.5871959999999996
-0.7583760000000002
-0.760046
-1.2519289999999996
0.5871959999999996
-0.7583760000000002
-0.760046
-1.2519289999999996
0.5871959999999996
-0.7583760000000002
-0.760046
-1.2519289999999996
0.5871959999999996
-0.7583760000000002
-0.760046
-1.2519289999999996
0.5871959999999996
-0.7583760000000002
-0.760046
-1.2519289999999996
0.5871959999999996
-0.7583760000000002
-0.760046
-1.2519289999999996
0.5871959999999996
-0.7583760000000002
-0.760046
-1.2519289999999996
0.5871959999999996
-0.7583760000000002
-0.760046
-1.2519289999999996
0.5871959999999996
-0.7583760000000002
-0.760046
-1.2519289999999996
0.5871959999999996
-0.7583760000000002
-0.760046
-1.2519289999999996
0.5871959999999996
-0.7583760000000002
-0.760046
-1.2519289999999996
0.5871959999999996
-0.7583760000000002
-0.760046
-1.2519289999999996
0.5871959999999996
-0.7583760000000002
-0.760046
-1.2519289999999996
0.5871959999999996
-0.7583760000000002
-0.760046
-1.2519289999999996
0.5871959999999996
-0.7583760000000002
-0.760046
-1.2519289999999996
0.5871959999999996
-0.7583760000000002
-0.760046
-1.2519289999999996
0.5871959999999996
-0.7583760000000002
-0.760046
-1.2519289999999996
0.5871959999999996
-0.7583760000000002
-0.760046
-1.2519289999999996
0.5871959999999996
-0.7583760000000002
-0.760046
-1.2519289999999996
0.5871959999999996
-0.7583760000000002
-0.760046
-1.2519289999999996
0.5871959999999996
-0.7583760000000002
-0.760046
-1.2519289999999996
0.5871959999999996
-0.7583760000000002
-0.760046
-1.2519289999999996
0.5871959999999996
-0.7583760000000002
-0.760046
-1.2519289999999996
0.5871959999999996
-0.7583760000000002
-0.760046
-1.2519289999999996
0.5871959999999996
-0.7583760000000002
-0.760046
-1.2519289999999996
0.5871959999999996
-0.7583760000000002
