1.4929299999999994
1.4929299999999994
1.4929299999999994
1.4929299999999994
1.4929299999999994
1.4929299999999994
1.4929299999999994
1.4929299999999994
1.4929299999999994
1.4929299999999994
1.4929299999999994
1.4929299999999994
1.4929299999999994
1.4929299999999994
1.4929299999999994
1.4929299999999994
1.4929299999999994
1.4929299999999994
1.4929299999999994
1.4929299999999994
1.4929299999999994
1.4929299999999994
1.4929299999999994
1.4929299999999994
1.4929299999999994
1.4929299999999994
1.4929299999999994
1.4929299999999994
1.4929299999999994
1.4929299999999994
1.4929299999999994
1.4929299999999994
1.4929299999999994
1.4929299999999994
1.4929299999999994
1.4929299999999994
1.4929299999999994
1.4929299999999994
1.4929299999999994
1.4929299999999994
1.4929299999999994
1.4929299999999994
1.4929299999999994
1.4929299999999994
1.4929299999999994
1.4929299999999994
1.4929299999999994
1.4929299999999994
1.4929299999999994
1.4929299999999994
1.4929299999999994
1.4929299999999994
1.4929299999999994
1.4929299999999994
1.4929299999999994
1.4929299999999994
1.4929299999999994
1.4929299999999994
1.4929299999999994
1.4929299999999994
1.4929299999999994
1.4929299999999994
1.4929299999999994
1.4929299999999994
1.4929299999999994
1.4929299999999994
1.4929299999999994
1.4929299999999994
1.4929299999999994
1.4929299999999994
1.4929299999999994
1.4929299999999994
-1.4929309999999996
-1.4929309999999996
-1.4929309999999996
-1.4929309999999996
-1.4929309999999996
-1.4929309999999996
-1.4929309999999996
-1.4929309999999996
-1.4929309999999996
-1.4929309999999996
-1.4929309999999996
-1.4929309999999996
-1.4929309999999996
-1.4929309999999996
-1.4929309999999996
-1.4929309999999996
-1.4929309999999996
-1.4929309999999996
-1.4929309999999996
-1.4929309999999996
-1.4929309999999996
-1.4929309999999996
-1.4929309999999996
-1.4929309999999996
-1.4929309999999996
-1.4929309999999996
-1.4929309999999996
-1.4929309999999996
-1.4929309999999996
-1.4929309999999996
-1.4929309999999996
-1.4929309999999996
-1.4929309999999996
-1.4929309999999996
-1.4929309999999996
-1.4929309999999996
-1.4929309999999996
-1.4929309999999996
-1.4929309999999996
-1.4929309999999996
-1.4929309999999996
-1.4929309999999996
-1.4929309999999996
-1.4929309999999996
-1.4929309999999996
-1.4929309999999996
-1.4929309999999996
-1.4929309999999996
-1.4929309999999996
-1.4929309999999996
-1.4929309999999996
-1.4929309999999996
-1.4929309999999996
-1.4929309999999996
-1.4929309999999996
-1.4929309999999996
-1.4929309999999996
-1.4929309999999996
-1.4929309999999996
-1.4929309999999996
-1.4929309999999996
-1.4929309999999996
-1.4929309999999996
-1.4929309999999996
-1.4929309999999996
-1.4929309999999996
-1.4929309999999996
-1.4929309999999996
-1.4929309999999996
-1.4929309999999996
-1.4929309999999996
-1.4929309999999996
