1.0517400000000006
1.2466939999999997
1.0727930000000008
1.1833259999999992
1.0517400000000006
1.2466939999999997
1.0727930000000008
1.1833259999999992
1.0517400000000006
1.2466939999999997
1.0727930000000008
1.1833259999999992
1.0517400000000006
1.2466939999999997
1.0727930000000008
1.1833259999999992
1.0517400000000006
1.2466939999999997
1.0727930000000008
1.1833259999999992
1.0517400000000006
1.2466939999999997
1.0727930000000008
1.1833259999999992
1.0517400000000006
1.2466939999999997
1.0727930000000008
1.1833259999999992
1.0517400000000006
1.2466939999999997
1.0727930000000008
1.1833259999999992
1.0517400000000006
1.2466939999999997
1.0727930000000008
1.1833259999999992
1.0517400000000006
1.2466939999999997
1.0727930000000008
1.1833259999999992
1.0517400000000006
1.2466939999999997
1.0727930000000008
1.1833259999999992
1.0517400000000006
1.2466939999999997
1.0727930000000008
1.1833259999999992
1.0517400000000006
1.2466939999999997
1.0727930000000008
1.1833259999999992
1.0517400000000006
1.2466939999999997
1.0727930000000008
1.1833259999999992
1.0517400000000006
1.2466939999999997
1.0727930000000008
1.1833259999999992
1.0517400000000006
1.2466939999999997
1.0727930000000008
1.1833259999999992
1.0517400000000006
1.2466939999999997
1.0727930000000008
1.1833259999999992
1.0517400000000006
1.2466939999999997
1.0727930000000008
1.1833259999999992
1.0517400000000006
1.2466939999999997
1.0727930000000008
1.1833259999999992
1.0517400000000006
1.2466939999999997
1.0727930000000008
1.1833259999999992
1.0517400000000006
1.2466939999999997
1.0727930000000008
1.1833259999999992
1.0517400000000006
1.2466939999999997
1.0727930000000008
1.1833259999999992
1.0517400000000006
1.2466939999999997
1.0727930000000008
1.1833259999999992
1.0517400000000006
1.2466939999999997
1.0727930000000008
1.1833259999999992
1.0517400000000006
1.2466939999999997
1.0727930000000008
1.1833259999999992
1.0517400000000006
1.2466939999999997
1.0727930000000008
1.1833259999999992
1.0517400000000006
1.2466939999999997
1.0727930000000008
1.1833259999999992
-1.0212960000000004
-1.1902410000000003
-1.176965
-1.1660500000000003
-1.0212960000000004
-1.1902410000000003
-1.176965
-1.1660500000000003
-1.0212960000000004
-1.1902410000000003
-1.176965
-1.1660500000000003
-1.0212960000000004
-1.1902410000000003
-1.176965
-1.1660500000000003
-1.0212960000000004
-1.1902410000000003
-1.176965
-1.1660500000000003
-1.0212960000000004
-1.1902410000000003
-1.176965
-1.1660500000000003
-1.0212960000000004
-1.1902410000000003
-1.176965
-1.1660500000000003
-1.0212960000000004
-1.1902410000000003
-1.176965
-1.1660500000000003
-1.0212960000000004
-1.1902410000000003
-1.176965
-1.1660500000000003
-1.0212960000000004
-1.1902410000000003
-1.176965
-1.1660500000000003
-1.0212960000000004
-1.1902410000000003
-1.176965
-1.1660500000000003
-1.0212960000000004
-1.1902410000000003
-1.176965
-1.1660500000000003
-1.0212960000000004
-1.1902410000000003
-1.176965
-1.1660500000000003
-1.0212960000000004
-1.1902410000000003
-1.176965
-1.1660500000000003
-1.0212960000000004
-1.1902410000000003
-1.176965
-1.1660500000000003
-1.0212960000000004
-1.1902410000000003
-1.176965
-1.1660500000000003
-1.0212960000000004
-1.1902410000000003
-1.176965
-1.1660500000000003
-1.0212960000000004
-1.1902410000000003
-1.176965
-1.1660500000000003
-1.0212960000000004
-1.1902410000000003
-1.176965
-1.1660500000000003
-1.0212960000000004
-1.1902410000000003
-1.176965
-1.1660500000000003
-1.0212960000000004
-1.1902410000000003
-1.176965
-1.1660500000000003
-1.0212960000000004
-1.1902410000000003
-1.176965
-1.1660500000000003
-1.0212960000000004
-1.1902410000000003
-1.176965
-1.1660500000000003
-1.0212960000000004
-1.1902410000000003
-1.176965
-1.1660500000000003
-1.0212960000000004
-1.1902410000000003
-1.176965
-1.1660500000000003
-1.0212960000000004
-1.1902410000000003
-1.176965
-1.1660500000000003
-1.0212960000000004
-1.1902410000000003
-1.176965
-1.1660500000000003
