0.8483499999999999
0.8483499999999999
0.8483499999999999
0.8483499999999999
0.8483499999999999
0.8483499999999999
0.8483499999999999
0.8483499999999999
0.8483499999999999
0.8483499999999999
0.8483499999999999
0.8483499999999999
0.8483499999999999
0.8483499999999999
0.8483499999999999
0.8483499999999999
0.8483499999999999
0.8483499999999999
0.8483499999999999
0.8483499999999999
0.8483499999999999
0.8483499999999999
0.8483499999999999
0.8483499999999999
0.8483499999999999
0.8483499999999999
0.8483499999999999
0.8483499999999999
0.8483499999999999
0.8483499999999999
0.8483499999999999
0.8483499999999999
-0.8483489999999998
-0.8483489999999998
-0.8483489999999998
-0.8483489999999998
-0.8483489999999998
-0.8483489999999998
-0.8483489999999998
-0.8483489999999998
-0.8483489999999998
-0.8483489999999998
-0.8483489999999998
-0.8483489999999998
-0.8483489999999998
-0.8483489999999998
-0.8483489999999998
-0.8483489999999998
-0.8483489999999998
-0.8483489999999998
-0.8483489999999998
-0.8483489999999998
-0.8483489999999998
-0.8483489999999998
-0.8483489999999998
-0.8483489999999998
-0.8483489999999998
-0.8483489999999998
-0.8483489999999998
-0.8483489999999998
-0.8483489999999998
-0.8483489999999998
-0.8483489999999998
-0.8483489999999998
