1.3059119999999993
1.268865
1.2429000000000006
1.2104149999999994
1.3059119999999993
1.268865
1.2429000000000006
1.2104149999999994
1.3059119999999993
1.268865
1.2429000000000006
1.2104149999999994
1.3059119999999993
1.268865
1.2429000000000006
1.2104149999999994
1.3059119999999993
1.268865
1.2429000000000006
1.2104149999999994
1.3059119999999993
1.268865
1.2429000000000006
1.2104149999999994
1.3059119999999993
1.268865
1.2429000000000006
1.2104149999999994
1.3059119999999993
1.268865
1.2429000000000006
1.2104149999999994
1.3059119999999993
1.268865
1.2429000000000006
1.2104149999999994
1.3059119999999993
1.268865
1.2429000000000006
1.2104149999999994
1.3059119999999993
1.268865
1.2429000000000006
1.2104149999999994
1.3059119999999993
1.268865
1.2429000000000006
1.2104149999999994
1.3059119999999993
1.268865
1.2429000000000006
1.2104149999999994
1.3059119999999993
1.268865
1.2429000000000006
1.2104149999999994
1.3059119999999993
1.268865
1.2429000000000006
1.2104149999999994
1.3059119999999993
1.268865
1.2429000000000006
1.2104149999999994
1.3059119999999993
1.268865
1.2429000000000006
1.2104149999999994
1.3059119999999993
1.268865
1.2429000000000006
1.2104149999999994
1.3059119999999993
1.268865
1.2429000000000006
1.2104149999999994
1.3059119999999993
1.268865
1.2429000000000006
1.2104149999999994
1.3059119999999993
1.268865
1.2429000000000006
1.2104149999999994
1.3059119999999993
1.268865
1.2429000000000006
1.2104149999999994
1.3059119999999993
1.268865
1.2429000000000006
1.2104149999999994
1.3059119999999993
1.268865
1.2429000000000006
1.2104149999999994
1.3059119999999993
1.268865
1.2429000000000006
1.2104149999999994
1.3059119999999993
1.268865
1.2429000000000006
1.2104149999999994
1.3059119999999993
1.268865
1.2429000000000006
1.2104149999999994
-1.2263669999999998
-1.2186519999999996
-1.28275
-1.3003220000000004
-1.2263669999999998
-1.2186519999999996
-1.28275
-1.3003220000000004
-1.2263669999999998
-1.2186519999999996
-1.28275
-1.3003220000000004
-1.2263669999999998
-1.2186519999999996
-1.28275
-1.3003220000000004
-1.2263669999999998
-1.2186519999999996
-1.28275
-1.3003220000000004
-1.2263669999999998
-1.2186519999999996
-1.28275
-1.3003220000000004
-1.2263669999999998
-1.2186519999999996
-1.28275
-1.3003220000000004
-1.2263669999999998
-1.2186519999999996
-1.28275
-1.3003220000000004
-1.2263669999999998
-1.2186519999999996
-1.28275
-1.3003220000000004
-1.2263669999999998
-1.2186519999999996
-1.28275
-1.3003220000000004
-1.2263669999999998
-1.2186519999999996
-1.28275
-1.3003220000000004
-1.2263669999999998
-1.2186519999999996
-1.28275
-1.3003220000000004
-1.2263669999999998
-1.2186519999999996
-1.28275
-1.3003220000000004
-1.2263669999999998
-1.2186519999999996
-1.28275
-1.3003220000000004
-1.2263669999999998
-1.2186519999999996
-1.28275
-1.3003220000000004
-1.2263669999999998
-1.2186519999999996
-1.28275
-1.3003220000000004
-1.2263669999999998
-1.2186519999999996
-1.28275
-1.3003220000000004
-1.2263669999999998
-1.2186519999999996
-1.28275
-1.3003220000000004
-1.2263669999999998
-1.2186519999999996
-1.28275
-1.3003220000000004
-1.2263669999999998
-1.2186519999999996
-1.28275
-1.3003220000000004
-1.2263669999999998
-1.2186519999999996
-1.28275
-1.3003220000000004
-1.2263669999999998
-1.2186519999999996
-1.28275
-1.3003220000000004
-1.2263669999999998
-1.2186519999999996
-1.28275
-1.3003220000000004
-1.2263669999999998
-1.2186519999999996
-1.28275
-1.3003220000000004
-1.2263669999999998
-1.2186519999999996
-1.28275
-1.3003220000000004
-1.2263669999999998
-1.2186519999999996
-1.28275
-1.3003220000000004
-1.2263669999999998
-1.2186519999999996
-1.28275
-1.3003220000000004
