1.4906279999999992
1.4906279999999992
1.4906279999999992
1.4906279999999992
1.4906279999999992
1.4906279999999992
1.4906279999999992
1.4906279999999992
1.4906279999999992
1.4906279999999992
1.4906279999999992
1.4906279999999992
1.4906279999999992
1.4906279999999992
1.4906279999999992
1.4906279999999992
1.4906279999999992
1.4906279999999992
1.4906279999999992
1.4906279999999992
1.4906279999999992
1.4906279999999992
1.4906279999999992
1.4906279999999992
1.4906279999999992
1.4906279999999992
1.4906279999999992
1.4906279999999992
1.4906279999999992
1.4906279999999992
1.4906279999999992
1.4906279999999992
1.4906279999999992
1.4906279999999992
1.4906279999999992
1.4906279999999992
1.4906279999999992
1.4906279999999992
1.4906279999999992
1.4906279999999992
1.4906279999999992
1.4906279999999992
1.4906279999999992
1.4906279999999992
1.4906279999999992
1.4906279999999992
1.4906279999999992
1.4906279999999992
1.4906279999999992
1.4906279999999992
1.4906279999999992
1.4906279999999992
1.4906279999999992
1.4906279999999992
1.4906279999999992
1.4906279999999992
1.4906279999999992
1.4906279999999992
1.4906279999999992
1.4906279999999992
1.4906279999999992
1.4906279999999992
1.4906279999999992
1.4906279999999992
1.4906279999999992
1.4906279999999992
1.4906279999999992
1.4906279999999992
1.4906279999999992
1.4906279999999992
1.4906279999999992
1.4906279999999992
-1.4906290000000002
-1.4906290000000002
-1.4906290000000002
-1.4906290000000002
-1.4906290000000002
-1.4906290000000002
-1.4906290000000002
-1.4906290000000002
-1.4906290000000002
-1.4906290000000002
-1.4906290000000002
-1.4906290000000002
-1.4906290000000002
-1.4906290000000002
-1.4906290000000002
-1.4906290000000002
-1.4906290000000002
-1.4906290000000002
-1.4906290000000002
-1.4906290000000002
-1.4906290000000002
-1.4906290000000002
-1.4906290000000002
-1.4906290000000002
-1.4906290000000002
-1.4906290000000002
-1.4906290000000002
-1.4906290000000002
-1.4906290000000002
-1.4906290000000002
-1.4906290000000002
-1.4906290000000002
-1.4906290000000002
-1.4906290000000002
-1.4906290000000002
-1.4906290000000002
-1.4906290000000002
-1.4906290000000002
-1.4906290000000002
-1.4906290000000002
-1.4906290000000002
-1.4906290000000002
-1.4906290000000002
-1.4906290000000002
-1.4906290000000002
-1.4906290000000002
-1.4906290000000002
-1.4906290000000002
-1.4906290000000002
-1.4906290000000002
-1.4906290000000002
-1.4906290000000002
-1.4906290000000002
-1.4906290000000002
-1.4906290000000002
-1.4906290000000002
-1.4906290000000002
-1.4906290000000002
-1.4906290000000002
-1.4906290000000002
-1.4906290000000002
-1.4906290000000002
-1.4906290000000002
-1.4906290000000002
-1.4906290000000002
-1.4906290000000002
-1.4906290000000002
-1.4906290000000002
-1.4906290000000002
-1.4906290000000002
-1.4906290000000002
-1.4906290000000002
