0.808821
0.808821
0.808821
0.808821
0.808821
0.808821
0.808821
0.808821
0.808821
0.808821
0.808821
0.808821
0.808821
0.808821
0.808821
0.808821
0.808821
0.808821
0.808821
0.808821
0.808821
0.808821
0.808821
0.808821
0.808821
0.808821
0.808821
0.808821
0.808821
0.808821
0.808821
0.808821
-0.8088230000000003
-0.8088230000000003
-0.8088230000000003
-0.8088230000000003
-0.8088230000000003
-0.8088230000000003
-0.8088230000000003
-0.8088230000000003
-0.8088230000000003
-0.8088230000000003
-0.8088230000000003
-0.8088230000000003
-0.8088230000000003
-0.8088230000000003
-0.8088230000000003
-0.8088230000000003
-0.8088230000000003
-0.8088230000000003
-0.8088230000000003
-0.8088230000000003
-0.8088230000000003
-0.8088230000000003
-0.8088230000000003
-0.8088230000000003
-0.8088230000000003
-0.8088230000000003
-0.8088230000000003
-0.8088230000000003
-0.8088230000000003
-0.8088230000000003
-0.8088230000000003
-0.8088230000000003
