1.4073100000000007
1.3648279999999993
1.4494930000000004
1.4068629999999995
1.4073100000000007
1.3648279999999993
1.4494930000000004
1.4068629999999995
1.4073100000000007
1.3648279999999993
1.4494930000000004
1.4068629999999995
1.4073100000000007
1.3648279999999993
1.4494930000000004
1.4068629999999995
1.4073100000000007
1.3648279999999993
1.4494930000000004
1.4068629999999995
1.4073100000000007
1.3648279999999993
1.4494930000000004
1.4068629999999995
1.4073100000000007
1.3648279999999993
1.4494930000000004
1.4068629999999995
1.4073100000000007
1.3648279999999993
1.4494930000000004
1.4068629999999995
1.4073100000000007
1.3648279999999993
1.4494930000000004
1.4068629999999995
1.4073100000000007
1.3648279999999993
1.4494930000000004
1.4068629999999995
1.4073100000000007
1.3648279999999993
1.4494930000000004
1.4068629999999995
1.4073100000000007
1.3648279999999993
1.4494930000000004
1.4068629999999995
1.4073100000000007
1.3648279999999993
1.4494930000000004
1.4068629999999995
1.4073100000000007
1.3648279999999993
1.4494930000000004
1.4068629999999995
1.4073100000000007
1.3648279999999993
1.4494930000000004
1.4068629999999995
1.4073100000000007
1.3648279999999993
1.4494930000000004
1.4068629999999995
1.4073100000000007
1.3648279999999993
1.4494930000000004
1.4068629999999995
1.4073100000000007
1.3648279999999993
1.4494930000000004
1.4068629999999995
1.4073100000000007
1.3648279999999993
1.4494930000000004
1.4068629999999995
1.4073100000000007
1.3648279999999993
1.4494930000000004
1.4068629999999995
1.4073100000000007
1.3648279999999993
1.4494930000000004
1.4068629999999995
1.4073100000000007
1.3648279999999993
1.4494930000000004
1.4068629999999995
1.4073100000000007
1.3648279999999993
1.4494930000000004
1.4068629999999995
1.4073100000000007
1.3648279999999993
1.4494930000000004
1.4068629999999995
1.4073100000000007
1.3648279999999993
1.4494930000000004
1.4068629999999995
1.4073100000000007
1.3648279999999993
1.4494930000000004
1.4068629999999995
1.4073100000000007
1.3648279999999993
1.4494930000000004
1.4068629999999995
-1.4084909999999997
-1.4106420000000002
-1.400138
-1.4092190000000002
-1.4084909999999997
-1.4106420000000002
-1.400138
-1.4092190000000002
-1.4084909999999997
-1.4106420000000002
-1.400138
-1.4092190000000002
-1.4084909999999997
-1.4106420000000002
-1.400138
-1.4092190000000002
-1.4084909999999997
-1.4106420000000002
-1.400138
-1.4092190000000002
-1.4084909999999997
-1.4106420000000002
-1.400138
-1.4092190000000002
-1.4084909999999997
-1.4106420000000002
-1.400138
-1.4092190000000002
-1.4084909999999997
-1.4106420000000002
-1.400138
-1.4092190000000002
-1.4084909999999997
-1.4106420000000002
-1.400138
-1.4092190000000002
-1.4084909999999997
-1.4106420000000002
-1.400138
-1.4092190000000002
-1.4084909999999997
-1.4106420000000002
-1.400138
-1.4092190000000002
-1.4084909999999997
-1.4106420000000002
-1.400138
-1.4092190000000002
-1.4084909999999997
-1.4106420000000002
-1.400138
-1.4092190000000002
-1.4084909999999997
-1.4106420000000002
-1.400138
-1.4092190000000002
-1.4084909999999997
-1.4106420000000002
-1.400138
-1.4092190000000002
-1.4084909999999997
-1.4106420000000002
-1.400138
-1.4092190000000002
-1.4084909999999997
-1.4106420000000002
-1.400138
-1.4092190000000002
-1.4084909999999997
-1.4106420000000002
-1.400138
-1.4092190000000002
-1.4084909999999997
-1.4106420000000002
-1.400138
-1.4092190000000002
-1.4084909999999997
-1.4106420000000002
-1.400138
-1.4092190000000002
-1.4084909999999997
-1.4106420000000002
-1.400138
-1.4092190000000002
-1.4084909999999997
-1.4106420000000002
-1.400138
-1.4092190000000002
-1.4084909999999997
-1.4106420000000002
-1.400138
-1.4092190000000002
-1.4084909999999997
-1.4106420000000002
-1.400138
-1.4092190000000002
-1.4084909999999997
-1.4106420000000002
-1.400138
-1.4092190000000002
-1.4084909999999997
-1.4106420000000002
-1.400138
-1.4092190000000002
-1.4084909999999997
-1.4106420000000002
-1.400138
-1.4092190000000002
