0.4607620000000008
0.7816609999999997
1.0568329999999992
0.9469119999999993
0.4607620000000008
0.7816609999999997
1.0568329999999992
0.9469119999999993
0.4607620000000008
0.7816609999999997
1.0568329999999992
0.9469119999999993
0.4607620000000008
0.7816609999999997
1.0568329999999992
0.9469119999999993
0.4607620000000008
0.7816609999999997
1.0568329999999992
0.9469119999999993
0.4607620000000008
0.7816609999999997
1.0568329999999992
0.9469119999999993
0.4607620000000008
0.7816609999999997
1.0568329999999992
0.9469119999999993
0.4607620000000008
0.7816609999999997
1.0568329999999992
0.9469119999999993
0.4607620000000008
0.7816609999999997
1.0568329999999992
0.9469119999999993
0.4607620000000008
0.7816609999999997
1.0568329999999992
0.9469119999999993
0.4607620000000008
0.7816609999999997
1.0568329999999992
0.9469119999999993
0.4607620000000008
0.7816609999999997
1.0568329999999992
0.9469119999999993
0.4607620000000008
0.7816609999999997
1.0568329999999992
0.9469119999999993
0.4607620000000008
0.7816609999999997
1.0568329999999992
0.9469119999999993
0.4607620000000008
0.7816609999999997
1.0568329999999992
0.9469119999999993
0.4607620000000008
0.7816609999999997
1.0568329999999992
0.9469119999999993
0.4607620000000008
0.7816609999999997
1.0568329999999992
0.9469119999999993
0.4607620000000008
0.7816609999999997
1.0568329999999992
0.9469119999999993
0.4607620000000008
0.7816609999999997
1.0568329999999992
0.9469119999999993
0.4607620000000008
0.7816609999999997
1.0568329999999992
0.9469119999999993
0.4607620000000008
0.7816609999999997
1.0568329999999992
0.9469119999999993
0.4607620000000008
0.7816609999999997
1.0568329999999992
0.9469119999999993
0.4607620000000008
0.7816609999999997
1.0568329999999992
0.9469119999999993
0.4607620000000008
0.7816609999999997
1.0568329999999992
0.9469119999999993
0.4607620000000008
0.7816609999999997
1.0568329999999992
0.9469119999999993
0.4607620000000008
0.7816609999999997
1.0568329999999992
0.9469119999999993
0.4607620000000008
0.7816609999999997
1.0568329999999992
0.9469119999999993
-0.7380060000000004
-0.9106500000000004
-0.4173119999999999
-1.1801979999999999
-0.7380060000000004
-0.9106500000000004
-0.4173119999999999
-1.1801979999999999
-0.7380060000000004
-0.9106500000000004
-0.4173119999999999
-1.1801979999999999
-0.7380060000000004
-0.9106500000000004
-0.4173119999999999
-1.1801979999999999
-0.7380060000000004
-0.9106500000000004
-0.4173119999999999
-1.1801979999999999
-0.7380060000000004
-0.9106500000000004
-0.4173119999999999
-1.1801979999999999
-0.7380060000000004
-0.9106500000000004
-0.4173119999999999
-1.1801979999999999
-0.7380060000000004
-0.9106500000000004
-0.4173119999999999
-1.1801979999999999
-0.7380060000000004
-0.9106500000000004
-0.4173119999999999
-1.1801979999999999
-0.7380060000000004
-0.9106500000000004
-0.4173119999999999
-1.1801979999999999
-0.7380060000000004
-0.9106500000000004
-0.4173119999999999
-1.1801979999999999
-0.7380060000000004
-0.9106500000000004
-0.4173119999999999
-1.1801979999999999
-0.7380060000000004
-0.9106500000000004
-0.4173119999999999
-1.1801979999999999
-0.7380060000000004
-0.9106500000000004
-0.4173119999999999
-1.1801979999999999
-0.7380060000000004
-0.9106500000000004
-0.4173119999999999
-1.1801979999999999
-0.7380060000000004
-0.9106500000000004
-0.4173119999999999
-1.1801979999999999
-0.7380060000000004
-0.9106500000000004
-0.4173119999999999
-1.1801979999999999
-0.7380060000000004
-0.9106500000000004
-0.4173119999999999
-1.1801979999999999
-0.7380060000000004
-0.9106500000000004
-0.4173119999999999
-1.1801979999999999
-0.7380060000000004
-0.9106500000000004
-0.4173119999999999
-1.1801979999999999
-0.7380060000000004
-0.9106500000000004
-0.4173119999999999
-1.1801979999999999
-0.7380060000000004
-0.9106500000000004
-0.4173119999999999
-1.1801979999999999
-0.7380060000000004
-0.9106500000000004
-0.4173119999999999
-1.1801979999999999
-0.7380060000000004
-0.9106500000000004
-0.4173119999999999
-1.1801979999999999
-0.7380060000000004
-0.9106500000000004
-0.4173119999999999
-1.1801979999999999
-0.7380060000000004
-0.9106500000000004
-0.4173119999999999
-1.1801979999999999
-0.7380060000000004
-0.9106500000000004
-0.4173119999999999
-1.1801979999999999
