0.8917710000000003
0.8917710000000003
0.8917710000000003
0.8917710000000003
0.8917710000000003
0.8917710000000003
0.8917710000000003
0.8917710000000003
0.8917710000000003
0.8917710000000003
0.8917710000000003
0.8917710000000003
0.8917710000000003
0.8917710000000003
0.8917710000000003
0.8917710000000003
0.8917710000000003
0.8917710000000003
0.8917710000000003
0.8917710000000003
0.8917710000000003
0.8917710000000003
0.8917710000000003
0.8917710000000003
0.8917710000000003
0.8917710000000003
0.8917710000000003
0.8917710000000003
0.8917710000000003
0.8917710000000003
0.8917710000000003
0.8917710000000003
-0.8917700000000002
-0.8917700000000002
-0.8917700000000002
-0.8917700000000002
-0.8917700000000002
-0.8917700000000002
-0.8917700000000002
-0.8917700000000002
-0.8917700000000002
-0.8917700000000002
-0.8917700000000002
-0.8917700000000002
-0.8917700000000002
-0.8917700000000002
-0.8917700000000002
-0.8917700000000002
-0.8917700000000002
-0.8917700000000002
-0.8917700000000002
-0.8917700000000002
-0.8917700000000002
-0.8917700000000002
-0.8917700000000002
-0.8917700000000002
-0.8917700000000002
-0.8917700000000002
-0.8917700000000002
-0.8917700000000002
-0.8917700000000002
-0.8917700000000002
-0.8917700000000002
-0.8917700000000002
