1.4427129999999995
1.2069949999999992
0.7990060000000003
1.0991370000000007
1.4427129999999995
1.2069949999999992
0.7990060000000003
1.0991370000000007
1.4427129999999995
1.2069949999999992
0.7990060000000003
1.0991370000000007
1.4427129999999995
1.2069949999999992
0.7990060000000003
1.0991370000000007
1.4427129999999995
1.2069949999999992
0.7990060000000003
1.0991370000000007
1.4427129999999995
1.2069949999999992
0.7990060000000003
1.0991370000000007
1.4427129999999995
1.2069949999999992
0.7990060000000003
1.0991370000000007
1.4427129999999995
1.2069949999999992
0.7990060000000003
1.0991370000000007
1.4427129999999995
1.2069949999999992
0.7990060000000003
1.0991370000000007
1.4427129999999995
1.2069949999999992
0.7990060000000003
1.0991370000000007
1.4427129999999995
1.2069949999999992
0.7990060000000003
1.0991370000000007
1.4427129999999995
1.2069949999999992
0.7990060000000003
1.0991370000000007
1.4427129999999995
1.2069949999999992
0.7990060000000003
1.0991370000000007
1.4427129999999995
1.2069949999999992
0.7990060000000003
1.0991370000000007
1.4427129999999995
1.2069949999999992
0.7990060000000003
1.0991370000000007
1.4427129999999995
1.2069949999999992
0.7990060000000003
1.0991370000000007
1.4427129999999995
1.2069949999999992
0.7990060000000003
1.0991370000000007
1.4427129999999995
1.2069949999999992
0.7990060000000003
1.0991370000000007
1.4427129999999995
1.2069949999999992
0.7990060000000003
1.0991370000000007
1.4427129999999995
1.2069949999999992
0.7990060000000003
1.0991370000000007
1.4427129999999995
1.2069949999999992
0.7990060000000003
1.0991370000000007
1.4427129999999995
1.2069949999999992
0.7990060000000003
1.0991370000000007
1.4427129999999995
1.2069949999999992
0.7990060000000003
1.0991370000000007
1.4427129999999995
1.2069949999999992
0.7990060000000003
1.0991370000000007
1.4427129999999995
1.2069949999999992
0.7990060000000003
1.0991370000000007
1.4427129999999995
1.2069949999999992
0.7990060000000003
1.0991370000000007
1.4427129999999995
1.2069949999999992
0.7990060000000003
1.0991370000000007
-1.099805
-1.1096300000000001
-1.1609949999999998
-1.1774190000000004
-1.099805
-1.1096300000000001
-1.1609949999999998
-1.1774190000000004
-1.099805
-1.1096300000000001
-1.1609949999999998
-1.1774190000000004
-1.099805
-1.1096300000000001
-1.1609949999999998
-1.1774190000000004
-1.099805
-1.1096300000000001
-1.1609949999999998
-1.1774190000000004
-1.099805
-1.1096300000000001
-1.1609949999999998
-1.1774190000000004
-1.099805
-1.1096300000000001
-1.1609949999999998
-1.1774190000000004
-1.099805
-1.1096300000000001
-1.1609949999999998
-1.1774190000000004
-1.099805
-1.1096300000000001
-1.1609949999999998
-1.1774190000000004
-1.099805
-1.1096300000000001
-1.1609949999999998
-1.1774190000000004
-1.099805
-1.1096300000000001
-1.1609949999999998
-1.1774190000000004
-1.099805
-1.1096300000000001
-1.1609949999999998
-1.1774190000000004
-1.099805
-1.1096300000000001
-1.1609949999999998
-1.1774190000000004
-1.099805
-1.1096300000000001
-1.1609949999999998
-1.1774190000000004
-1.099805
-1.1096300000000001
-1.1609949999999998
-1.1774190000000004
-1.099805
-1.1096300000000001
-1.1609949999999998
-1.1774190000000004
-1.099805
-1.1096300000000001
-1.1609949999999998
-1.1774190000000004
-1.099805
-1.1096300000000001
-1.1609949999999998
-1.1774190000000004
-1.099805
-1.1096300000000001
-1.1609949999999998
-1.1774190000000004
-1.099805
-1.1096300000000001
-1.1609949999999998
-1.1774190000000004
-1.099805
-1.1096300000000001
-1.1609949999999998
-1.1774190000000004
-1.099805
-1.1096300000000001
-1.1609949999999998
-1.1774190000000004
-1.099805
-1.1096300000000001
-1.1609949999999998
-1.1774190000000004
-1.099805
-1.1096300000000001
-1.1609949999999998
-1.1774190000000004
-1.099805
-1.1096300000000001
-1.1609949999999998
-1.1774190000000004
-1.099805
-1.1096300000000001
-1.1609949999999998
-1.1774190000000004
-1.099805
-1.1096300000000001
-1.1609949999999998
-1.1774190000000004
