1.6550159999999998
0.9483049999999995
0.6454649999999997
0.6576179999999994
1.6550159999999998
0.9483049999999995
0.6454649999999997
0.6576179999999994
1.6550159999999998
0.9483049999999995
0.6454649999999997
0.6576179999999994
1.6550159999999998
0.9483049999999995
0.6454649999999997
0.6576179999999994
1.6550159999999998
0.9483049999999995
0.6454649999999997
0.6576179999999994
1.6550159999999998
0.9483049999999995
0.6454649999999997
0.6576179999999994
1.6550159999999998
0.9483049999999995
0.6454649999999997
0.6576179999999994
1.6550159999999998
0.9483049999999995
0.6454649999999997
0.6576179999999994
1.6550159999999998
0.9483049999999995
0.6454649999999997
0.6576179999999994
1.6550159999999998
0.9483049999999995
0.6454649999999997
0.6576179999999994
1.6550159999999998
0.9483049999999995
0.6454649999999997
0.6576179999999994
1.6550159999999998
0.9483049999999995
0.6454649999999997
0.6576179999999994
1.6550159999999998
0.9483049999999995
0.6454649999999997
0.6576179999999994
1.6550159999999998
0.9483049999999995
0.6454649999999997
0.6576179999999994
1.6550159999999998
0.9483049999999995
0.6454649999999997
0.6576179999999994
1.6550159999999998
0.9483049999999995
0.6454649999999997
0.6576179999999994
1.6550159999999998
0.9483049999999995
0.6454649999999997
0.6576179999999994
1.6550159999999998
0.9483049999999995
0.6454649999999997
0.6576179999999994
1.6550159999999998
0.9483049999999995
0.6454649999999997
0.6576179999999994
1.6550159999999998
0.9483049999999995
0.6454649999999997
0.6576179999999994
1.6550159999999998
0.9483049999999995
0.6454649999999997
0.6576179999999994
1.6550159999999998
0.9483049999999995
0.6454649999999997
0.6576179999999994
1.6550159999999998
0.9483049999999995
0.6454649999999997
0.6576179999999994
1.6550159999999998
0.9483049999999995
0.6454649999999997
0.6576179999999994
1.6550159999999998
0.9483049999999995
0.6454649999999997
0.6576179999999994
1.6550159999999998
0.9483049999999995
0.6454649999999997
0.6576179999999994
1.6550159999999998
0.9483049999999995
0.6454649999999997
0.6576179999999994
-1.1800680000000003
-0.8659590000000001
-1.0457580000000002
-0.8146199999999997
-1.1800680000000003
-0.8659590000000001
-1.0457580000000002
-0.8146199999999997
-1.1800680000000003
-0.8659590000000001
-1.0457580000000002
-0.8146199999999997
-1.1800680000000003
-0.8659590000000001
-1.0457580000000002
-0.8146199999999997
-1.1800680000000003
-0.8659590000000001
-1.0457580000000002
-0.8146199999999997
-1.1800680000000003
-0.8659590000000001
-1.0457580000000002
-0.8146199999999997
-1.1800680000000003
-0.8659590000000001
-1.0457580000000002
-0.8146199999999997
-1.1800680000000003
-0.8659590000000001
-1.0457580000000002
-0.8146199999999997
-1.1800680000000003
-0.8659590000000001
-1.0457580000000002
-0.8146199999999997
-1.1800680000000003
-0.8659590000000001
-1.0457580000000002
-0.8146199999999997
-1.1800680000000003
-0.8659590000000001
-1.0457580000000002
-0.8146199999999997
-1.1800680000000003
-0.8659590000000001
-1.0457580000000002
-0.8146199999999997
-1.1800680000000003
-0.8659590000000001
-1.0457580000000002
-0.8146199999999997
-1.1800680000000003
-0.8659590000000001
-1.0457580000000002
-0.8146199999999997
-1.1800680000000003
-0.8659590000000001
-1.0457580000000002
-0.8146199999999997
-1.1800680000000003
-0.8659590000000001
-1.0457580000000002
-0.8146199999999997
-1.1800680000000003
-0.8659590000000001
-1.0457580000000002
-0.8146199999999997
-1.1800680000000003
-0.8659590000000001
-1.0457580000000002
-0.8146199999999997
-1.1800680000000003
-0.8659590000000001
-1.0457580000000002
-0.8146199999999997
-1.1800680000000003
-0.8659590000000001
-1.0457580000000002
-0.8146199999999997
-1.1800680000000003
-0.8659590000000001
-1.0457580000000002
-0.8146199999999997
-1.1800680000000003
-0.8659590000000001
-1.0457580000000002
-0.8146199999999997
-1.1800680000000003
-0.8659590000000001
-1.0457580000000002
-0.8146199999999997
-1.1800680000000003
-0.8659590000000001
-1.0457580000000002
-0.8146199999999997
-1.1800680000000003
-0.8659590000000001
-1.0457580000000002
-0.8146199999999997
-1.1800680000000003
-0.8659590000000001
-1.0457580000000002
-0.8146199999999997
-1.1800680000000003
-0.8659590000000001
-1.0457580000000002
-0.8146199999999997
