0.7379049999999996
0.9770819999999993
1.2943909999999992
0.18392500000000034
0.7379049999999996
0.9770819999999993
1.2943909999999992
0.18392500000000034
0.7379049999999996
0.9770819999999993
1.2943909999999992
0.18392500000000034
0.7379049999999996
0.9770819999999993
1.2943909999999992
0.18392500000000034
0.7379049999999996
0.9770819999999993
1.2943909999999992
0.18392500000000034
0.7379049999999996
0.9770819999999993
1.2943909999999992
0.18392500000000034
0.7379049999999996
0.9770819999999993
1.2943909999999992
0.18392500000000034
0.7379049999999996
0.9770819999999993
1.2943909999999992
0.18392500000000034
0.7379049999999996
0.9770819999999993
1.2943909999999992
0.18392500000000034
0.7379049999999996
0.9770819999999993
1.2943909999999992
0.18392500000000034
0.7379049999999996
0.9770819999999993
1.2943909999999992
0.18392500000000034
0.7379049999999996
0.9770819999999993
1.2943909999999992
0.18392500000000034
0.7379049999999996
0.9770819999999993
1.2943909999999992
0.18392500000000034
0.7379049999999996
0.9770819999999993
1.2943909999999992
0.18392500000000034
0.7379049999999996
0.9770819999999993
1.2943909999999992
0.18392500000000034
0.7379049999999996
0.9770819999999993
1.2943909999999992
0.18392500000000034
0.7379049999999996
0.9770819999999993
1.2943909999999992
0.18392500000000034
0.7379049999999996
0.9770819999999993
1.2943909999999992
0.18392500000000034
0.7379049999999996
0.9770819999999993
1.2943909999999992
0.18392500000000034
0.7379049999999996
0.9770819999999993
1.2943909999999992
0.18392500000000034
0.7379049999999996
0.9770819999999993
1.2943909999999992
0.18392500000000034
0.7379049999999996
0.9770819999999993
1.2943909999999992
0.18392500000000034
0.7379049999999996
0.9770819999999993
1.2943909999999992
0.18392500000000034
0.7379049999999996
0.9770819999999993
1.2943909999999992
0.18392500000000034
0.7379049999999996
0.9770819999999993
1.2943909999999992
0.18392500000000034
0.7379049999999996
0.9770819999999993
1.2943909999999992
0.18392500000000034
0.7379049999999996
0.9770819999999993
1.2943909999999992
0.18392500000000034
-0.5759689999999997
-0.55612
-0.8905880000000002
-1.1706250000000002
-0.5759689999999997
-0.55612
-0.8905880000000002
-1.1706250000000002
-0.5759689999999997
-0.55612
-0.8905880000000002
-1.1706250000000002
-0.5759689999999997
-0.55612
-0.8905880000000002
-1.1706250000000002
-0.5759689999999997
-0.55612
-0.8905880000000002
-1.1706250000000002
-0.5759689999999997
-0.55612
-0.8905880000000002
-1.1706250000000002
-0.5759689999999997
-0.55612
-0.8905880000000002
-1.1706250000000002
-0.5759689999999997
-0.55612
-0.8905880000000002
-1.1706250000000002
-0.5759689999999997
-0.55612
-0.8905880000000002
-1.1706250000000002
-0.5759689999999997
-0.55612
-0.8905880000000002
-1.1706250000000002
-0.5759689999999997
-0.55612
-0.8905880000000002
-1.1706250000000002
-0.5759689999999997
-0.55612
-0.8905880000000002
-1.1706250000000002
-0.5759689999999997
-0.55612
-0.8905880000000002
-1.1706250000000002
-0.5759689999999997
-0.55612
-0.8905880000000002
-1.1706250000000002
-0.5759689999999997
-0.55612
-0.8905880000000002
-1.1706250000000002
-0.5759689999999997
-0.55612
-0.8905880000000002
-1.1706250000000002
-0.5759689999999997
-0.55612
-0.8905880000000002
-1.1706250000000002
-0.5759689999999997
-0.55612
-0.8905880000000002
-1.1706250000000002
-0.5759689999999997
-0.55612
-0.8905880000000002
-1.1706250000000002
-0.5759689999999997
-0.55612
-0.8905880000000002
-1.1706250000000002
-0.5759689999999997
-0.55612
-0.8905880000000002
-1.1706250000000002
-0.5759689999999997
-0.55612
-0.8905880000000002
-1.1706250000000002
-0.5759689999999997
-0.55612
-0.8905880000000002
-1.1706250000000002
-0.5759689999999997
-0.55612
-0.8905880000000002
-1.1706250000000002
-0.5759689999999997
-0.55612
-0.8905880000000002
-1.1706250000000002
-0.5759689999999997
-0.55612
-0.8905880000000002
-1.1706250000000002
-0.5759689999999997
-0.55612
-0.8905880000000002
-1.1706250000000002
