0.8117190000000001
0.40970899999999943
1.8548639999999992
1.1090110000000006
0.8117190000000001
0.40970899999999943
1.8548639999999992
1.1090110000000006
0.8117190000000001
0.40970899999999943
1.8548639999999992
1.1090110000000006
0.8117190000000001
0.40970899999999943
1.8548639999999992
1.1090110000000006
0.8117190000000001
0.40970899999999943
1.8548639999999992
1.1090110000000006
0.8117190000000001
0.40970899999999943
1.8548639999999992
1.1090110000000006
0.8117190000000001
0.40970899999999943
1.8548639999999992
1.1090110000000006
0.8117190000000001
0.40970899999999943
1.8548639999999992
1.1090110000000006
0.8117190000000001
0.40970899999999943
1.8548639999999992
1.1090110000000006
0.8117190000000001
0.40970899999999943
1.8548639999999992
1.1090110000000006
0.8117190000000001
0.40970899999999943
1.8548639999999992
1.1090110000000006
0.8117190000000001
0.40970899999999943
1.8548639999999992
1.1090110000000006
0.8117190000000001
0.40970899999999943
1.8548639999999992
1.1090110000000006
0.8117190000000001
0.40970899999999943
1.8548639999999992
1.1090110000000006
0.8117190000000001
0.40970899999999943
1.8548639999999992
1.1090110000000006
0.8117190000000001
0.40970899999999943
1.8548639999999992
1.1090110000000006
0.8117190000000001
0.40970899999999943
1.8548639999999992
1.1090110000000006
0.8117190000000001
0.40970899999999943
1.8548639999999992
1.1090110000000006
0.8117190000000001
0.40970899999999943
1.8548639999999992
1.1090110000000006
0.8117190000000001
0.40970899999999943
1.8548639999999992
1.1090110000000006
0.8117190000000001
0.40970899999999943
1.8548639999999992
1.1090110000000006
0.8117190000000001
0.40970899999999943
1.8548639999999992
1.1090110000000006
0.8117190000000001
0.40970899999999943
1.8548639999999992
1.1090110000000006
0.8117190000000001
0.40970899999999943
1.8548639999999992
1.1090110000000006
0.8117190000000001
0.40970899999999943
1.8548639999999992
1.1090110000000006
0.8117190000000001
0.40970899999999943
1.8548639999999992
1.1090110000000006
0.8117190000000001
0.40970899999999943
1.8548639999999992
1.1090110000000006
-0.9006319999999999
-1.200431
-1.2630119999999998
-0.821224
-0.9006319999999999
-1.200431
-1.2630119999999998
-0.821224
-0.9006319999999999
-1.200431
-1.2630119999999998
-0.821224
-0.9006319999999999
-1.200431
-1.2630119999999998
-0.821224
-0.9006319999999999
-1.200431
-1.2630119999999998
-0.821224
-0.9006319999999999
-1.200431
-1.2630119999999998
-0.821224
-0.9006319999999999
-1.200431
-1.2630119999999998
-0.821224
-0.9006319999999999
-1.200431
-1.2630119999999998
-0.821224
-0.9006319999999999
-1.200431
-1.2630119999999998
-0.821224
-0.9006319999999999
-1.200431
-1.2630119999999998
-0.821224
-0.9006319999999999
-1.200431
-1.2630119999999998
-0.821224
-0.9006319999999999
-1.200431
-1.2630119999999998
-0.821224
-0.9006319999999999
-1.200431
-1.2630119999999998
-0.821224
-0.9006319999999999
-1.200431
-1.2630119999999998
-0.821224
-0.9006319999999999
-1.200431
-1.2630119999999998
-0.821224
-0.9006319999999999
-1.200431
-1.2630119999999998
-0.821224
-0.9006319999999999
-1.200431
-1.2630119999999998
-0.821224
-0.9006319999999999
-1.200431
-1.2630119999999998
-0.821224
-0.9006319999999999
-1.200431
-1.2630119999999998
-0.821224
-0.9006319999999999
-1.200431
-1.2630119999999998
-0.821224
-0.9006319999999999
-1.200431
-1.2630119999999998
-0.821224
-0.9006319999999999
-1.200431
-1.2630119999999998
-0.821224
-0.9006319999999999
-1.200431
-1.2630119999999998
-0.821224
-0.9006319999999999
-1.200431
-1.2630119999999998
-0.821224
-0.9006319999999999
-1.200431
-1.2630119999999998
-0.821224
-0.9006319999999999
-1.200431
-1.2630119999999998
-0.821224
-0.9006319999999999
-1.200431
-1.2630119999999998
-0.821224
