0.6915790000000008
0.6641840000000006
0.7158909999999992
1.2050439999999991
0.6915790000000008
0.6641840000000006
0.7158909999999992
1.2050439999999991
0.6915790000000008
0.6641840000000006
0.7158909999999992
1.2050439999999991
0.6915790000000008
0.6641840000000006
0.7158909999999992
1.2050439999999991
0.6915790000000008
0.6641840000000006
0.7158909999999992
1.2050439999999991
0.6915790000000008
0.6641840000000006
0.7158909999999992
1.2050439999999991
0.6915790000000008
0.6641840000000006
0.7158909999999992
1.2050439999999991
0.6915790000000008
0.6641840000000006
0.7158909999999992
1.2050439999999991
0.6915790000000008
0.6641840000000006
0.7158909999999992
1.2050439999999991
0.6915790000000008
0.6641840000000006
0.7158909999999992
1.2050439999999991
0.6915790000000008
0.6641840000000006
0.7158909999999992
1.2050439999999991
0.6915790000000008
0.6641840000000006
0.7158909999999992
1.2050439999999991
0.6915790000000008
0.6641840000000006
0.7158909999999992
1.2050439999999991
0.6915790000000008
0.6641840000000006
0.7158909999999992
1.2050439999999991
0.6915790000000008
0.6641840000000006
0.7158909999999992
1.2050439999999991
0.6915790000000008
0.6641840000000006
0.7158909999999992
1.2050439999999991
0.6915790000000008
0.6641840000000006
0.7158909999999992
1.2050439999999991
0.6915790000000008
0.6641840000000006
0.7158909999999992
1.2050439999999991
0.6915790000000008
0.6641840000000006
0.7158909999999992
1.2050439999999991
0.6915790000000008
0.6641840000000006
0.7158909999999992
1.2050439999999991
0.6915790000000008
0.6641840000000006
0.7158909999999992
1.2050439999999991
0.6915790000000008
0.6641840000000006
0.7158909999999992
1.2050439999999991
0.6915790000000008
0.6641840000000006
0.7158909999999992
1.2050439999999991
0.6915790000000008
0.6641840000000006
0.7158909999999992
1.2050439999999991
0.6915790000000008
0.6641840000000006
0.7158909999999992
1.2050439999999991
0.6915790000000008
0.6641840000000006
0.7158909999999992
1.2050439999999991
0.6915790000000008
0.6641840000000006
0.7158909999999992
1.2050439999999991
-0.4046770000000004
-1.1956280000000001
-0.950329
-0.7260679999999997
-0.4046770000000004
-1.1956280000000001
-0.950329
-0.7260679999999997
-0.4046770000000004
-1.1956280000000001
-0.950329
-0.7260679999999997
-0.4046770000000004
-1.1956280000000001
-0.950329
-0.7260679999999997
-0.4046770000000004
-1.1956280000000001
-0.950329
-0.7260679999999997
-0.4046770000000004
-1.1956280000000001
-0.950329
-0.7260679999999997
-0.4046770000000004
-1.1956280000000001
-0.950329
-0.7260679999999997
-0.4046770000000004
-1.1956280000000001
-0.950329
-0.7260679999999997
-0.4046770000000004
-1.1956280000000001
-0.950329
-0.7260679999999997
-0.4046770000000004
-1.1956280000000001
-0.950329
-0.7260679999999997
-0.4046770000000004
-1.1956280000000001
-0.950329
-0.7260679999999997
-0.4046770000000004
-1.1956280000000001
-0.950329
-0.7260679999999997
-0.4046770000000004
-1.1956280000000001
-0.950329
-0.7260679999999997
-0.4046770000000004
-1.1956280000000001
-0.950329
-0.7260679999999997
-0.4046770000000004
-1.1956280000000001
-0.950329
-0.7260679999999997
-0.4046770000000004
-1.1956280000000001
-0.950329
-0.7260679999999997
-0.4046770000000004
-1.1956280000000001
-0.950329
-0.7260679999999997
-0.4046770000000004
-1.1956280000000001
-0.950329
-0.7260679999999997
-0.4046770000000004
-1.1956280000000001
-0.950329
-0.7260679999999997
-0.4046770000000004
-1.1956280000000001
-0.950329
-0.7260679999999997
-0.4046770000000004
-1.1956280000000001
-0.950329
-0.7260679999999997
-0.4046770000000004
-1.1956280000000001
-0.950329
-0.7260679999999997
-0.4046770000000004
-1.1956280000000001
-0.950329
-0.7260679999999997
-0.4046770000000004
-1.1956280000000001
-0.950329
-0.7260679999999997
-0.4046770000000004
-1.1956280000000001
-0.950329
-0.7260679999999997
-0.4046770000000004
-1.1956280000000001
-0.950329
-0.7260679999999997
-0.4046770000000004
-1.1956280000000001
-0.950329
-0.7260679999999997
