1.4922260000000005
1.4922260000000005
1.4922260000000005
1.4922260000000005
1.4922260000000005
1.4922260000000005
1.4922260000000005
1.4922260000000005
1.4922260000000005
1.4922260000000005
1.4922260000000005
1.4922260000000005
1.4922260000000005
1.4922260000000005
1.4922260000000005
1.4922260000000005
1.4922260000000005
1.4922260000000005
1.4922260000000005
1.4922260000000005
1.4922260000000005
1.4922260000000005
1.4922260000000005
1.4922260000000005
1.4922260000000005
1.4922260000000005
1.4922260000000005
1.4922260000000005
1.4922260000000005
1.4922260000000005
1.4922260000000005
1.4922260000000005
1.4922260000000005
1.4922260000000005
1.4922260000000005
1.4922260000000005
1.4922260000000005
1.4922260000000005
1.4922260000000005
1.4922260000000005
1.4922260000000005
1.4922260000000005
1.4922260000000005
1.4922260000000005
1.4922260000000005
1.4922260000000005
1.4922260000000005
1.4922260000000005
1.4922260000000005
1.4922260000000005
1.4922260000000005
1.4922260000000005
1.4922260000000005
1.4922260000000005
1.4922260000000005
1.4922260000000005
1.4922260000000005
1.4922260000000005
1.4922260000000005
1.4922260000000005
1.4922260000000005
1.4922260000000005
1.4922260000000005
1.4922260000000005
1.4922260000000005
1.4922260000000005
1.4922260000000005
1.4922260000000005
1.4922260000000005
1.4922260000000005
1.4922260000000005
1.4922260000000005
-1.4922259999999996
-1.4922259999999996
-1.4922259999999996
-1.4922259999999996
-1.4922259999999996
-1.4922259999999996
-1.4922259999999996
-1.4922259999999996
-1.4922259999999996
-1.4922259999999996
-1.4922259999999996
-1.4922259999999996
-1.4922259999999996
-1.4922259999999996
-1.4922259999999996
-1.4922259999999996
-1.4922259999999996
-1.4922259999999996
-1.4922259999999996
-1.4922259999999996
-1.4922259999999996
-1.4922259999999996
-1.4922259999999996
-1.4922259999999996
-1.4922259999999996
-1.4922259999999996
-1.4922259999999996
-1.4922259999999996
-1.4922259999999996
-1.4922259999999996
-1.4922259999999996
-1.4922259999999996
-1.4922259999999996
-1.4922259999999996
-1.4922259999999996
-1.4922259999999996
-1.4922259999999996
-1.4922259999999996
-1.4922259999999996
-1.4922259999999996
-1.4922259999999996
-1.4922259999999996
-1.4922259999999996
-1.4922259999999996
-1.4922259999999996
-1.4922259999999996
-1.4922259999999996
-1.4922259999999996
-1.4922259999999996
-1.4922259999999996
-1.4922259999999996
-1.4922259999999996
-1.4922259999999996
-1.4922259999999996
-1.4922259999999996
-1.4922259999999996
-1.4922259999999996
-1.4922259999999996
-1.4922259999999996
-1.4922259999999996
-1.4922259999999996
-1.4922259999999996
-1.4922259999999996
-1.4922259999999996
-1.4922259999999996
-1.4922259999999996
-1.4922259999999996
-1.4922259999999996
-1.4922259999999996
-1.4922259999999996
-1.4922259999999996
-1.4922259999999996
