1.1576339999999998
0.8214100000000002
1.4555500000000006
0.9846620000000001
1.1576339999999998
0.8214100000000002
1.4555500000000006
0.9846620000000001
1.1576339999999998
0.8214100000000002
1.4555500000000006
0.9846620000000001
1.1576339999999998
0.8214100000000002
1.4555500000000006
0.9846620000000001
1.1576339999999998
0.8214100000000002
1.4555500000000006
0.9846620000000001
1.1576339999999998
0.8214100000000002
1.4555500000000006
0.9846620000000001
1.1576339999999998
0.8214100000000002
1.4555500000000006
0.9846620000000001
1.1576339999999998
0.8214100000000002
1.4555500000000006
0.9846620000000001
1.1576339999999998
0.8214100000000002
1.4555500000000006
0.9846620000000001
1.1576339999999998
0.8214100000000002
1.4555500000000006
0.9846620000000001
1.1576339999999998
0.8214100000000002
1.4555500000000006
0.9846620000000001
1.1576339999999998
0.8214100000000002
1.4555500000000006
0.9846620000000001
1.1576339999999998
0.8214100000000002
1.4555500000000006
0.9846620000000001
1.1576339999999998
0.8214100000000002
1.4555500000000006
0.9846620000000001
1.1576339999999998
0.8214100000000002
1.4555500000000006
0.9846620000000001
1.1576339999999998
0.8214100000000002
1.4555500000000006
0.9846620000000001
1.1576339999999998
0.8214100000000002
1.4555500000000006
0.9846620000000001
1.1576339999999998
0.8214100000000002
1.4555500000000006
0.9846620000000001
1.1576339999999998
0.8214100000000002
1.4555500000000006
0.9846620000000001
1.1576339999999998
0.8214100000000002
1.4555500000000006
0.9846620000000001
1.1576339999999998
0.8214100000000002
1.4555500000000006
0.9846620000000001
1.1576339999999998
0.8214100000000002
1.4555500000000006
0.9846620000000001
1.1576339999999998
0.8214100000000002
1.4555500000000006
0.9846620000000001
1.1576339999999998
0.8214100000000002
1.4555500000000006
0.9846620000000001
1.1576339999999998
0.8214100000000002
1.4555500000000006
0.9846620000000001
1.1576339999999998
0.8214100000000002
1.4555500000000006
0.9846620000000001
1.1576339999999998
0.8214100000000002
1.4555500000000006
0.9846620000000001
-1.0661579999999997
-0.9948269999999999
-0.9182350000000001
-1.4400370000000002
-1.0661579999999997
-0.9948269999999999
-0.9182350000000001
-1.4400370000000002
-1.0661579999999997
-0.9948269999999999
-0.9182350000000001
-1.4400370000000002
-1.0661579999999997
-0.9948269999999999
-0.9182350000000001
-1.4400370000000002
-1.0661579999999997
-0.9948269999999999
-0.9182350000000001
-1.4400370000000002
-1.0661579999999997
-0.9948269999999999
-0.9182350000000001
-1.4400370000000002
-1.0661579999999997
-0.9948269999999999
-0.9182350000000001
-1.4400370000000002
-1.0661579999999997
-0.9948269999999999
-0.9182350000000001
-1.4400370000000002
-1.0661579999999997
-0.9948269999999999
-0.9182350000000001
-1.4400370000000002
-1.0661579999999997
-0.9948269999999999
-0.9182350000000001
-1.4400370000000002
-1.0661579999999997
-0.9948269999999999
-0.9182350000000001
-1.4400370000000002
-1.0661579999999997
-0.9948269999999999
-0.9182350000000001
-1.4400370000000002
-1.0661579999999997
-0.9948269999999999
-0.9182350000000001
-1.4400370000000002
-1.0661579999999997
-0.9948269999999999
-0.9182350000000001
-1.4400370000000002
-1.0661579999999997
-0.9948269999999999
-0.9182350000000001
-1.4400370000000002
-1.0661579999999997
-0.9948269999999999
-0.9182350000000001
-1.4400370000000002
-1.0661579999999997
-0.9948269999999999
-0.9182350000000001
-1.4400370000000002
-1.0661579999999997
-0.9948269999999999
-0.9182350000000001
-1.4400370000000002
-1.0661579999999997
-0.9948269999999999
-0.9182350000000001
-1.4400370000000002
-1.0661579999999997
-0.9948269999999999
-0.9182350000000001
-1.4400370000000002
-1.0661579999999997
-0.9948269999999999
-0.9182350000000001
-1.4400370000000002
-1.0661579999999997
-0.9948269999999999
-0.9182350000000001
-1.4400370000000002
-1.0661579999999997
-0.9948269999999999
-0.9182350000000001
-1.4400370000000002
-1.0661579999999997
-0.9948269999999999
-0.9182350000000001
-1.4400370000000002
-1.0661579999999997
-0.9948269999999999
-0.9182350000000001
-1.4400370000000002
-1.0661579999999997
-0.9948269999999999
-0.9182350000000001
-1.4400370000000002
-1.0661579999999997
-0.9948269999999999
-0.9182350000000001
-1.4400370000000002
