0.7587410000000006
0.7587410000000006
0.7587410000000006
0.7587410000000006
0.7587410000000006
0.7587410000000006
0.7587410000000006
0.7587410000000006
0.7587410000000006
0.7587410000000006
0.7587410000000006
0.7587410000000006
0.7587410000000006
0.7587410000000006
0.7587410000000006
0.7587410000000006
0.7587410000000006
0.7587410000000006
0.7587410000000006
0.7587410000000006
0.7587410000000006
0.7587410000000006
0.7587410000000006
0.7587410000000006
0.7587410000000006
0.7587410000000006
0.7587410000000006
0.7587410000000006
0.7587410000000006
0.7587410000000006
0.7587410000000006
0.7587410000000006
-0.758743
-0.758743
-0.758743
-0.758743
-0.758743
-0.758743
-0.758743
-0.758743
-0.758743
-0.758743
-0.758743
-0.758743
-0.758743
-0.758743
-0.758743
-0.758743
-0.758743
-0.758743
-0.758743
-0.758743
-0.758743
-0.758743
-0.758743
-0.758743
-0.758743
-0.758743
-0.758743
-0.758743
-0.758743
-0.758743
-0.758743
-0.758743
