0.7814449999999997
1.039434
0.9012100000000007
0.9390850000000004
0.7814449999999997
1.039434
0.9012100000000007
0.9390850000000004
0.7814449999999997
1.039434
0.9012100000000007
0.9390850000000004
0.7814449999999997
1.039434
0.9012100000000007
0.9390850000000004
0.7814449999999997
1.039434
0.9012100000000007
0.9390850000000004
0.7814449999999997
1.039434
0.9012100000000007
0.9390850000000004
0.7814449999999997
1.039434
0.9012100000000007
0.9390850000000004
0.7814449999999997
1.039434
0.9012100000000007
0.9390850000000004
0.7814449999999997
1.039434
0.9012100000000007
0.9390850000000004
0.7814449999999997
1.039434
0.9012100000000007
0.9390850000000004
0.7814449999999997
1.039434
0.9012100000000007
0.9390850000000004
0.7814449999999997
1.039434
0.9012100000000007
0.9390850000000004
0.7814449999999997
1.039434
0.9012100000000007
0.9390850000000004
0.7814449999999997
1.039434
0.9012100000000007
0.9390850000000004
0.7814449999999997
1.039434
0.9012100000000007
0.9390850000000004
0.7814449999999997
1.039434
0.9012100000000007
0.9390850000000004
0.7814449999999997
1.039434
0.9012100000000007
0.9390850000000004
0.7814449999999997
1.039434
0.9012100000000007
0.9390850000000004
0.7814449999999997
1.039434
0.9012100000000007
0.9390850000000004
0.7814449999999997
1.039434
0.9012100000000007
0.9390850000000004
0.7814449999999997
1.039434
0.9012100000000007
0.9390850000000004
0.7814449999999997
1.039434
0.9012100000000007
0.9390850000000004
0.7814449999999997
1.039434
0.9012100000000007
0.9390850000000004
0.7814449999999997
1.039434
0.9012100000000007
0.9390850000000004
0.7814449999999997
1.039434
0.9012100000000007
0.9390850000000004
0.7814449999999997
1.039434
0.9012100000000007
0.9390850000000004
0.7814449999999997
1.039434
0.9012100000000007
0.9390850000000004
-1.0430339999999996
-1.1660130000000004
-0.701397
-0.7507330000000003
-1.0430339999999996
-1.1660130000000004
-0.701397
-0.7507330000000003
-1.0430339999999996
-1.1660130000000004
-0.701397
-0.7507330000000003
-1.0430339999999996
-1.1660130000000004
-0.701397
-0.7507330000000003
-1.0430339999999996
-1.1660130000000004
-0.701397
-0.7507330000000003
-1.0430339999999996
-1.1660130000000004
-0.701397
-0.7507330000000003
-1.0430339999999996
-1.1660130000000004
-0.701397
-0.7507330000000003
-1.0430339999999996
-1.1660130000000004
-0.701397
-0.7507330000000003
-1.0430339999999996
-1.1660130000000004
-0.701397
-0.7507330000000003
-1.0430339999999996
-1.1660130000000004
-0.701397
-0.7507330000000003
-1.0430339999999996
-1.1660130000000004
-0.701397
-0.7507330000000003
-1.0430339999999996
-1.1660130000000004
-0.701397
-0.7507330000000003
-1.0430339999999996
-1.1660130000000004
-0.701397
-0.7507330000000003
-1.0430339999999996
-1.1660130000000004
-0.701397
-0.7507330000000003
-1.0430339999999996
-1.1660130000000004
-0.701397
-0.7507330000000003
-1.0430339999999996
-1.1660130000000004
-0.701397
-0.7507330000000003
-1.0430339999999996
-1.1660130000000004
-0.701397
-0.7507330000000003
-1.0430339999999996
-1.1660130000000004
-0.701397
-0.7507330000000003
-1.0430339999999996
-1.1660130000000004
-0.701397
-0.7507330000000003
-1.0430339999999996
-1.1660130000000004
-0.701397
-0.7507330000000003
-1.0430339999999996
-1.1660130000000004
-0.701397
-0.7507330000000003
-1.0430339999999996
-1.1660130000000004
-0.701397
-0.7507330000000003
-1.0430339999999996
-1.1660130000000004
-0.701397
-0.7507330000000003
-1.0430339999999996
-1.1660130000000004
-0.701397
-0.7507330000000003
-1.0430339999999996
-1.1660130000000004
-0.701397
-0.7507330000000003
-1.0430339999999996
-1.1660130000000004
-0.701397
-0.7507330000000003
-1.0430339999999996
-1.1660130000000004
-0.701397
-0.7507330000000003
