0.6103710000000007
0.6145549999999993
1.5924630000000004
1.3619880000000002
0.6103710000000007
0.6145549999999993
1.5924630000000004
1.3619880000000002
0.6103710000000007
0.6145549999999993
1.5924630000000004
1.3619880000000002
0.6103710000000007
0.6145549999999993
1.5924630000000004
1.3619880000000002
0.6103710000000007
0.6145549999999993
1.5924630000000004
1.3619880000000002
0.6103710000000007
0.6145549999999993
1.5924630000000004
1.3619880000000002
0.6103710000000007
0.6145549999999993
1.5924630000000004
1.3619880000000002
0.6103710000000007
0.6145549999999993
1.5924630000000004
1.3619880000000002
0.6103710000000007
0.6145549999999993
1.5924630000000004
1.3619880000000002
0.6103710000000007
0.6145549999999993
1.5924630000000004
1.3619880000000002
0.6103710000000007
0.6145549999999993
1.5924630000000004
1.3619880000000002
0.6103710000000007
0.6145549999999993
1.5924630000000004
1.3619880000000002
0.6103710000000007
0.6145549999999993
1.5924630000000004
1.3619880000000002
0.6103710000000007
0.6145549999999993
1.5924630000000004
1.3619880000000002
0.6103710000000007
0.6145549999999993
1.5924630000000004
1.3619880000000002
0.6103710000000007
0.6145549999999993
1.5924630000000004
1.3619880000000002
0.6103710000000007
0.6145549999999993
1.5924630000000004
1.3619880000000002
0.6103710000000007
0.6145549999999993
1.5924630000000004
1.3619880000000002
0.6103710000000007
0.6145549999999993
1.5924630000000004
1.3619880000000002
0.6103710000000007
0.6145549999999993
1.5924630000000004
1.3619880000000002
0.6103710000000007
0.6145549999999993
1.5924630000000004
1.3619880000000002
0.6103710000000007
0.6145549999999993
1.5924630000000004
1.3619880000000002
0.6103710000000007
0.6145549999999993
1.5924630000000004
1.3619880000000002
0.6103710000000007
0.6145549999999993
1.5924630000000004
1.3619880000000002
0.6103710000000007
0.6145549999999993
1.5924630000000004
1.3619880000000002
0.6103710000000007
0.6145549999999993
1.5924630000000004
1.3619880000000002
0.6103710000000007
0.6145549999999993
1.5924630000000004
1.3619880000000002
-1.0988850000000001
-1.2137700000000002
-0.9414769999999999
-0.925249
-1.0988850000000001
-1.2137700000000002
-0.9414769999999999
-0.925249
-1.0988850000000001
-1.2137700000000002
-0.9414769999999999
-0.925249
-1.0988850000000001
-1.2137700000000002
-0.9414769999999999
-0.925249
-1.0988850000000001
-1.2137700000000002
-0.9414769999999999
-0.925249
-1.0988850000000001
-1.2137700000000002
-0.9414769999999999
-0.925249
-1.0988850000000001
-1.2137700000000002
-0.9414769999999999
-0.925249
-1.0988850000000001
-1.2137700000000002
-0.9414769999999999
-0.925249
-1.0988850000000001
-1.2137700000000002
-0.9414769999999999
-0.925249
-1.0988850000000001
-1.2137700000000002
-0.9414769999999999
-0.925249
-1.0988850000000001
-1.2137700000000002
-0.9414769999999999
-0.925249
-1.0988850000000001
-1.2137700000000002
-0.9414769999999999
-0.925249
-1.0988850000000001
-1.2137700000000002
-0.9414769999999999
-0.925249
-1.0988850000000001
-1.2137700000000002
-0.9414769999999999
-0.925249
-1.0988850000000001
-1.2137700000000002
-0.9414769999999999
-0.925249
-1.0988850000000001
-1.2137700000000002
-0.9414769999999999
-0.925249
-1.0988850000000001
-1.2137700000000002
-0.9414769999999999
-0.925249
-1.0988850000000001
-1.2137700000000002
-0.9414769999999999
-0.925249
-1.0988850000000001
-1.2137700000000002
-0.9414769999999999
-0.925249
-1.0988850000000001
-1.2137700000000002
-0.9414769999999999
-0.925249
-1.0988850000000001
-1.2137700000000002
-0.9414769999999999
-0.925249
-1.0988850000000001
-1.2137700000000002
-0.9414769999999999
-0.925249
-1.0988850000000001
-1.2137700000000002
-0.9414769999999999
-0.925249
-1.0988850000000001
-1.2137700000000002
-0.9414769999999999
-0.925249
-1.0988850000000001
-1.2137700000000002
-0.9414769999999999
-0.925249
-1.0988850000000001
-1.2137700000000002
-0.9414769999999999
-0.925249
-1.0988850000000001
-1.2137700000000002
-0.9414769999999999
-0.925249
