0.8192369999999993
1.1100209999999997
1.4244749999999993
0.4885249999999992
0.8192369999999993
1.1100209999999997
1.4244749999999993
0.4885249999999992
0.8192369999999993
1.1100209999999997
1.4244749999999993
0.4885249999999992
0.8192369999999993
1.1100209999999997
1.4244749999999993
0.4885249999999992
0.8192369999999993
1.1100209999999997
1.4244749999999993
0.4885249999999992
0.8192369999999993
1.1100209999999997
1.4244749999999993
0.4885249999999992
0.8192369999999993
1.1100209999999997
1.4244749999999993
0.4885249999999992
0.8192369999999993
1.1100209999999997
1.4244749999999993
0.4885249999999992
0.8192369999999993
1.1100209999999997
1.4244749999999993
0.4885249999999992
0.8192369999999993
1.1100209999999997
1.4244749999999993
0.4885249999999992
0.8192369999999993
1.1100209999999997
1.4244749999999993
0.4885249999999992
0.8192369999999993
1.1100209999999997
1.4244749999999993
0.4885249999999992
0.8192369999999993
1.1100209999999997
1.4244749999999993
0.4885249999999992
0.8192369999999993
1.1100209999999997
1.4244749999999993
0.4885249999999992
0.8192369999999993
1.1100209999999997
1.4244749999999993
0.4885249999999992
0.8192369999999993
1.1100209999999997
1.4244749999999993
0.4885249999999992
0.8192369999999993
1.1100209999999997
1.4244749999999993
0.4885249999999992
0.8192369999999993
1.1100209999999997
1.4244749999999993
0.4885249999999992
0.8192369999999993
1.1100209999999997
1.4244749999999993
0.4885249999999992
0.8192369999999993
1.1100209999999997
1.4244749999999993
0.4885249999999992
0.8192369999999993
1.1100209999999997
1.4244749999999993
0.4885249999999992
0.8192369999999993
1.1100209999999997
1.4244749999999993
0.4885249999999992
0.8192369999999993
1.1100209999999997
1.4244749999999993
0.4885249999999992
0.8192369999999993
1.1100209999999997
1.4244749999999993
0.4885249999999992
0.8192369999999993
1.1100209999999997
1.4244749999999993
0.4885249999999992
0.8192369999999993
1.1100209999999997
1.4244749999999993
0.4885249999999992
0.8192369999999993
1.1100209999999997
1.4244749999999993
0.4885249999999992
-0.6512039999999999
-1.2579260000000003
-0.7378299999999998
-1.1952949999999998
-0.6512039999999999
-1.2579260000000003
-0.7378299999999998
-1.1952949999999998
-0.6512039999999999
-1.2579260000000003
-0.7378299999999998
-1.1952949999999998
-0.6512039999999999
-1.2579260000000003
-0.7378299999999998
-1.1952949999999998
-0.6512039999999999
-1.2579260000000003
-0.7378299999999998
-1.1952949999999998
-0.6512039999999999
-1.2579260000000003
-0.7378299999999998
-1.1952949999999998
-0.6512039999999999
-1.2579260000000003
-0.7378299999999998
-1.1952949999999998
-0.6512039999999999
-1.2579260000000003
-0.7378299999999998
-1.1952949999999998
-0.6512039999999999
-1.2579260000000003
-0.7378299999999998
-1.1952949999999998
-0.6512039999999999
-1.2579260000000003
-0.7378299999999998
-1.1952949999999998
-0.6512039999999999
-1.2579260000000003
-0.7378299999999998
-1.1952949999999998
-0.6512039999999999
-1.2579260000000003
-0.7378299999999998
-1.1952949999999998
-0.6512039999999999
-1.2579260000000003
-0.7378299999999998
-1.1952949999999998
-0.6512039999999999
-1.2579260000000003
-0.7378299999999998
-1.1952949999999998
-0.6512039999999999
-1.2579260000000003
-0.7378299999999998
-1.1952949999999998
-0.6512039999999999
-1.2579260000000003
-0.7378299999999998
-1.1952949999999998
-0.6512039999999999
-1.2579260000000003
-0.7378299999999998
-1.1952949999999998
-0.6512039999999999
-1.2579260000000003
-0.7378299999999998
-1.1952949999999998
-0.6512039999999999
-1.2579260000000003
-0.7378299999999998
-1.1952949999999998
-0.6512039999999999
-1.2579260000000003
-0.7378299999999998
-1.1952949999999998
-0.6512039999999999
-1.2579260000000003
-0.7378299999999998
-1.1952949999999998
-0.6512039999999999
-1.2579260000000003
-0.7378299999999998
-1.1952949999999998
-0.6512039999999999
-1.2579260000000003
-0.7378299999999998
-1.1952949999999998
-0.6512039999999999
-1.2579260000000003
-0.7378299999999998
-1.1952949999999998
-0.6512039999999999
-1.2579260000000003
-0.7378299999999998
-1.1952949999999998
-0.6512039999999999
-1.2579260000000003
-0.7378299999999998
-1.1952949999999998
-0.6512039999999999
-1.2579260000000003
-0.7378299999999998
-1.1952949999999998
