0.7844949999999997
1.2257040000000003
0.8364410000000007
0.6531590000000005
0.7844949999999997
1.2257040000000003
0.8364410000000007
0.6531590000000005
0.7844949999999997
1.2257040000000003
0.8364410000000007
0.6531590000000005
0.7844949999999997
1.2257040000000003
0.8364410000000007
0.6531590000000005
0.7844949999999997
1.2257040000000003
0.8364410000000007
0.6531590000000005
0.7844949999999997
1.2257040000000003
0.8364410000000007
0.6531590000000005
0.7844949999999997
1.2257040000000003
0.8364410000000007
0.6531590000000005
0.7844949999999997
1.2257040000000003
0.8364410000000007
0.6531590000000005
0.7844949999999997
1.2257040000000003
0.8364410000000007
0.6531590000000005
0.7844949999999997
1.2257040000000003
0.8364410000000007
0.6531590000000005
0.7844949999999997
1.2257040000000003
0.8364410000000007
0.6531590000000005
0.7844949999999997
1.2257040000000003
0.8364410000000007
0.6531590000000005
0.7844949999999997
1.2257040000000003
0.8364410000000007
0.6531590000000005
0.7844949999999997
1.2257040000000003
0.8364410000000007
0.6531590000000005
0.7844949999999997
1.2257040000000003
0.8364410000000007
0.6531590000000005
0.7844949999999997
1.2257040000000003
0.8364410000000007
0.6531590000000005
0.7844949999999997
1.2257040000000003
0.8364410000000007
0.6531590000000005
0.7844949999999997
1.2257040000000003
0.8364410000000007
0.6531590000000005
0.7844949999999997
1.2257040000000003
0.8364410000000007
0.6531590000000005
0.7844949999999997
1.2257040000000003
0.8364410000000007
0.6531590000000005
0.7844949999999997
1.2257040000000003
0.8364410000000007
0.6531590000000005
0.7844949999999997
1.2257040000000003
0.8364410000000007
0.6531590000000005
0.7844949999999997
1.2257040000000003
0.8364410000000007
0.6531590000000005
0.7844949999999997
1.2257040000000003
0.8364410000000007
0.6531590000000005
0.7844949999999997
1.2257040000000003
0.8364410000000007
0.6531590000000005
0.7844949999999997
1.2257040000000003
0.8364410000000007
0.6531590000000005
0.7844949999999997
1.2257040000000003
0.8364410000000007
0.6531590000000005
-1.2025009999999998
-0.5465689999999999
-0.652285
-1.0984429999999996
-1.2025009999999998
-0.5465689999999999
-0.652285
-1.0984429999999996
-1.2025009999999998
-0.5465689999999999
-0.652285
-1.0984429999999996
-1.2025009999999998
-0.5465689999999999
-0.652285
-1.0984429999999996
-1.2025009999999998
-0.5465689999999999
-0.652285
-1.0984429999999996
-1.2025009999999998
-0.5465689999999999
-0.652285
-1.0984429999999996
-1.2025009999999998
-0.5465689999999999
-0.652285
-1.0984429999999996
-1.2025009999999998
-0.5465689999999999
-0.652285
-1.0984429999999996
-1.2025009999999998
-0.5465689999999999
-0.652285
-1.0984429999999996
-1.2025009999999998
-0.5465689999999999
-0.652285
-1.0984429999999996
-1.2025009999999998
-0.5465689999999999
-0.652285
-1.0984429999999996
-1.2025009999999998
-0.5465689999999999
-0.652285
-1.0984429999999996
-1.2025009999999998
-0.5465689999999999
-0.652285
-1.0984429999999996
-1.2025009999999998
-0.5465689999999999
-0.652285
-1.0984429999999996
-1.2025009999999998
-0.5465689999999999
-0.652285
-1.0984429999999996
-1.2025009999999998
-0.5465689999999999
-0.652285
-1.0984429999999996
-1.2025009999999998
-0.5465689999999999
-0.652285
-1.0984429999999996
-1.2025009999999998
-0.5465689999999999
-0.652285
-1.0984429999999996
-1.2025009999999998
-0.5465689999999999
-0.652285
-1.0984429999999996
-1.2025009999999998
-0.5465689999999999
-0.652285
-1.0984429999999996
-1.2025009999999998
-0.5465689999999999
-0.652285
-1.0984429999999996
-1.2025009999999998
-0.5465689999999999
-0.652285
-1.0984429999999996
-1.2025009999999998
-0.5465689999999999
-0.652285
-1.0984429999999996
-1.2025009999999998
-0.5465689999999999
-0.652285
-1.0984429999999996
-1.2025009999999998
-0.5465689999999999
-0.652285
-1.0984429999999996
-1.2025009999999998
-0.5465689999999999
-0.652285
-1.0984429999999996
-1.2025009999999998
-0.5465689999999999
-0.652285
-1.0984429999999996
