0.7653359999999996
0.7653359999999996
0.7653359999999996
0.7653359999999996
0.7653359999999996
0.7653359999999996
0.7653359999999996
0.7653359999999996
0.7653359999999996
0.7653359999999996
0.7653359999999996
0.7653359999999996
0.7653359999999996
0.7653359999999996
0.7653359999999996
0.7653359999999996
0.7653359999999996
0.7653359999999996
0.7653359999999996
0.7653359999999996
0.7653359999999996
0.7653359999999996
0.7653359999999996
0.7653359999999996
0.7653359999999996
0.7653359999999996
0.7653359999999996
0.7653359999999996
0.7653359999999996
0.7653359999999996
0.7653359999999996
0.7653359999999996
-0.7653379999999999
-0.7653379999999999
-0.7653379999999999
-0.7653379999999999
-0.7653379999999999
-0.7653379999999999
-0.7653379999999999
-0.7653379999999999
-0.7653379999999999
-0.7653379999999999
-0.7653379999999999
-0.7653379999999999
-0.7653379999999999
-0.7653379999999999
-0.7653379999999999
-0.7653379999999999
-0.7653379999999999
-0.7653379999999999
-0.7653379999999999
-0.7653379999999999
-0.7653379999999999
-0.7653379999999999
-0.7653379999999999
-0.7653379999999999
-0.7653379999999999
-0.7653379999999999
-0.7653379999999999
-0.7653379999999999
-0.7653379999999999
-0.7653379999999999
-0.7653379999999999
-0.7653379999999999
