1.2461280000000006
1.2461280000000006
1.2461280000000006
1.2461280000000006
1.2461280000000006
1.2461280000000006
1.2461280000000006
1.2461280000000006
1.2461280000000006
1.2461280000000006
1.2461280000000006
1.2461280000000006
1.2461280000000006
1.2461280000000006
1.2461280000000006
1.2461280000000006
1.2461280000000006
1.2461280000000006
1.2461280000000006
1.2461280000000006
1.2461280000000006
1.2461280000000006
1.2461280000000006
1.2461280000000006
1.2461280000000006
1.2461280000000006
1.2461280000000006
1.2461280000000006
1.2461280000000006
1.2461280000000006
1.2461280000000006
1.2461280000000006
-1.2461250000000001
-1.2461250000000001
-1.2461250000000001
-1.2461250000000001
-1.2461250000000001
-1.2461250000000001
-1.2461250000000001
-1.2461250000000001
-1.2461250000000001
-1.2461250000000001
-1.2461250000000001
-1.2461250000000001
-1.2461250000000001
-1.2461250000000001
-1.2461250000000001
-1.2461250000000001
-1.2461250000000001
-1.2461250000000001
-1.2461250000000001
-1.2461250000000001
-1.2461250000000001
-1.2461250000000001
-1.2461250000000001
-1.2461250000000001
-1.2461250000000001
-1.2461250000000001
-1.2461250000000001
-1.2461250000000001
-1.2461250000000001
-1.2461250000000001
-1.2461250000000001
-1.2461250000000001
