1.2697859999999999
0.9989699999999999
0.962548
1.274419
1.2697859999999999
0.9989699999999999
0.962548
1.274419
1.2697859999999999
0.9989699999999999
0.962548
1.274419
1.2697859999999999
0.9989699999999999
0.962548
1.274419
1.2697859999999999
0.9989699999999999
0.962548
1.274419
1.2697859999999999
0.9989699999999999
0.962548
1.274419
1.2697859999999999
0.9989699999999999
0.962548
1.274419
1.2697859999999999
0.9989699999999999
0.962548
1.274419
1.2697859999999999
0.9989699999999999
0.962548
1.274419
1.2697859999999999
0.9989699999999999
0.962548
1.274419
1.2697859999999999
0.9989699999999999
0.962548
1.274419
1.2697859999999999
0.9989699999999999
0.962548
1.274419
1.2697859999999999
0.9989699999999999
0.962548
1.274419
1.2697859999999999
0.9989699999999999
0.962548
1.274419
1.2697859999999999
0.9989699999999999
0.962548
1.274419
1.2697859999999999
0.9989699999999999
0.962548
1.274419
1.2697859999999999
0.9989699999999999
0.962548
1.274419
1.2697859999999999
0.9989699999999999
0.962548
1.274419
1.2697859999999999
0.9989699999999999
0.962548
1.274419
1.2697859999999999
0.9989699999999999
0.962548
1.274419
1.2697859999999999
0.9989699999999999
0.962548
1.274419
1.2697859999999999
0.9989699999999999
0.962548
1.274419
1.2697859999999999
0.9989699999999999
0.962548
1.274419
1.2697859999999999
0.9989699999999999
0.962548
1.274419
1.2697859999999999
0.9989699999999999
0.962548
1.274419
1.2697859999999999
0.9989699999999999
0.962548
1.274419
1.2697859999999999
0.9989699999999999
0.962548
1.274419
-1.2112030000000003
-1.1235080000000002
-1.0313939999999997
-1.1396189999999997
-1.2112030000000003
-1.1235080000000002
-1.0313939999999997
-1.1396189999999997
-1.2112030000000003
-1.1235080000000002
-1.0313939999999997
-1.1396189999999997
-1.2112030000000003
-1.1235080000000002
-1.0313939999999997
-1.1396189999999997
-1.2112030000000003
-1.1235080000000002
-1.0313939999999997
-1.1396189999999997
-1.2112030000000003
-1.1235080000000002
-1.0313939999999997
-1.1396189999999997
-1.2112030000000003
-1.1235080000000002
-1.0313939999999997
-1.1396189999999997
-1.2112030000000003
-1.1235080000000002
-1.0313939999999997
-1.1396189999999997
-1.2112030000000003
-1.1235080000000002
-1.0313939999999997
-1.1396189999999997
-1.2112030000000003
-1.1235080000000002
-1.0313939999999997
-1.1396189999999997
-1.2112030000000003
-1.1235080000000002
-1.0313939999999997
-1.1396189999999997
-1.2112030000000003
-1.1235080000000002
-1.0313939999999997
-1.1396189999999997
-1.2112030000000003
-1.1235080000000002
-1.0313939999999997
-1.1396189999999997
-1.2112030000000003
-1.1235080000000002
-1.0313939999999997
-1.1396189999999997
-1.2112030000000003
-1.1235080000000002
-1.0313939999999997
-1.1396189999999997
-1.2112030000000003
-1.1235080000000002
-1.0313939999999997
-1.1396189999999997
-1.2112030000000003
-1.1235080000000002
-1.0313939999999997
-1.1396189999999997
-1.2112030000000003
-1.1235080000000002
-1.0313939999999997
-1.1396189999999997
-1.2112030000000003
-1.1235080000000002
-1.0313939999999997
-1.1396189999999997
-1.2112030000000003
-1.1235080000000002
-1.0313939999999997
-1.1396189999999997
-1.2112030000000003
-1.1235080000000002
-1.0313939999999997
-1.1396189999999997
-1.2112030000000003
-1.1235080000000002
-1.0313939999999997
-1.1396189999999997
-1.2112030000000003
-1.1235080000000002
-1.0313939999999997
-1.1396189999999997
-1.2112030000000003
-1.1235080000000002
-1.0313939999999997
-1.1396189999999997
-1.2112030000000003
-1.1235080000000002
-1.0313939999999997
-1.1396189999999997
-1.2112030000000003
-1.1235080000000002
-1.0313939999999997
-1.1396189999999997
-1.2112030000000003
-1.1235080000000002
-1.0313939999999997
-1.1396189999999997
