1.0193069999999995
1.133101
1.2028289999999995
0.8001310000000004
1.0193069999999995
1.133101
1.2028289999999995
0.8001310000000004
1.0193069999999995
1.133101
1.2028289999999995
0.8001310000000004
1.0193069999999995
1.133101
1.2028289999999995
0.8001310000000004
1.0193069999999995
1.133101
1.2028289999999995
0.8001310000000004
1.0193069999999995
1.133101
1.2028289999999995
0.8001310000000004
1.0193069999999995
1.133101
1.2028289999999995
0.8001310000000004
1.0193069999999995
1.133101
1.2028289999999995
0.8001310000000004
1.0193069999999995
1.133101
1.2028289999999995
0.8001310000000004
1.0193069999999995
1.133101
1.2028289999999995
0.8001310000000004
1.0193069999999995
1.133101
1.2028289999999995
0.8001310000000004
1.0193069999999995
1.133101
1.2028289999999995
0.8001310000000004
1.0193069999999995
1.133101
1.2028289999999995
0.8001310000000004
1.0193069999999995
1.133101
1.2028289999999995
0.8001310000000004
1.0193069999999995
1.133101
1.2028289999999995
0.8001310000000004
1.0193069999999995
1.133101
1.2028289999999995
0.8001310000000004
1.0193069999999995
1.133101
1.2028289999999995
0.8001310000000004
1.0193069999999995
1.133101
1.2028289999999995
0.8001310000000004
1.0193069999999995
1.133101
1.2028289999999995
0.8001310000000004
1.0193069999999995
1.133101
1.2028289999999995
0.8001310000000004
1.0193069999999995
1.133101
1.2028289999999995
0.8001310000000004
1.0193069999999995
1.133101
1.2028289999999995
0.8001310000000004
1.0193069999999995
1.133101
1.2028289999999995
0.8001310000000004
1.0193069999999995
1.133101
1.2028289999999995
0.8001310000000004
1.0193069999999995
1.133101
1.2028289999999995
0.8001310000000004
1.0193069999999995
1.133101
1.2028289999999995
0.8001310000000004
1.0193069999999995
1.133101
1.2028289999999995
0.8001310000000004
-1.1388040000000004
-0.9076269999999997
-1.1749
-0.9340359999999999
-1.1388040000000004
-0.9076269999999997
-1.1749
-0.9340359999999999
-1.1388040000000004
-0.9076269999999997
-1.1749
-0.9340359999999999
-1.1388040000000004
-0.9076269999999997
-1.1749
-0.9340359999999999
-1.1388040000000004
-0.9076269999999997
-1.1749
-0.9340359999999999
-1.1388040000000004
-0.9076269999999997
-1.1749
-0.9340359999999999
-1.1388040000000004
-0.9076269999999997
-1.1749
-0.9340359999999999
-1.1388040000000004
-0.9076269999999997
-1.1749
-0.9340359999999999
-1.1388040000000004
-0.9076269999999997
-1.1749
-0.9340359999999999
-1.1388040000000004
-0.9076269999999997
-1.1749
-0.9340359999999999
-1.1388040000000004
-0.9076269999999997
-1.1749
-0.9340359999999999
-1.1388040000000004
-0.9076269999999997
-1.1749
-0.9340359999999999
-1.1388040000000004
-0.9076269999999997
-1.1749
-0.9340359999999999
-1.1388040000000004
-0.9076269999999997
-1.1749
-0.9340359999999999
-1.1388040000000004
-0.9076269999999997
-1.1749
-0.9340359999999999
-1.1388040000000004
-0.9076269999999997
-1.1749
-0.9340359999999999
-1.1388040000000004
-0.9076269999999997
-1.1749
-0.9340359999999999
-1.1388040000000004
-0.9076269999999997
-1.1749
-0.9340359999999999
-1.1388040000000004
-0.9076269999999997
-1.1749
-0.9340359999999999
-1.1388040000000004
-0.9076269999999997
-1.1749
-0.9340359999999999
-1.1388040000000004
-0.9076269999999997
-1.1749
-0.9340359999999999
-1.1388040000000004
-0.9076269999999997
-1.1749
-0.9340359999999999
-1.1388040000000004
-0.9076269999999997
-1.1749
-0.9340359999999999
-1.1388040000000004
-0.9076269999999997
-1.1749
-0.9340359999999999
-1.1388040000000004
-0.9076269999999997
-1.1749
-0.9340359999999999
-1.1388040000000004
-0.9076269999999997
-1.1749
-0.9340359999999999
-1.1388040000000004
-0.9076269999999997
-1.1749
-0.9340359999999999
