1.3640089999999994
1.2213550000000009
1.3005519999999997
1.3029019999999996
1.3640089999999994
1.2213550000000009
1.3005519999999997
1.3029019999999996
1.3640089999999994
1.2213550000000009
1.3005519999999997
1.3029019999999996
1.3640089999999994
1.2213550000000009
1.3005519999999997
1.3029019999999996
1.3640089999999994
1.2213550000000009
1.3005519999999997
1.3029019999999996
1.3640089999999994
1.2213550000000009
1.3005519999999997
1.3029019999999996
1.3640089999999994
1.2213550000000009
1.3005519999999997
1.3029019999999996
1.3640089999999994
1.2213550000000009
1.3005519999999997
1.3029019999999996
1.3640089999999994
1.2213550000000009
1.3005519999999997
1.3029019999999996
1.3640089999999994
1.2213550000000009
1.3005519999999997
1.3029019999999996
1.3640089999999994
1.2213550000000009
1.3005519999999997
1.3029019999999996
1.3640089999999994
1.2213550000000009
1.3005519999999997
1.3029019999999996
1.3640089999999994
1.2213550000000009
1.3005519999999997
1.3029019999999996
1.3640089999999994
1.2213550000000009
1.3005519999999997
1.3029019999999996
1.3640089999999994
1.2213550000000009
1.3005519999999997
1.3029019999999996
1.3640089999999994
1.2213550000000009
1.3005519999999997
1.3029019999999996
1.3640089999999994
1.2213550000000009
1.3005519999999997
1.3029019999999996
1.3640089999999994
1.2213550000000009
1.3005519999999997
1.3029019999999996
1.3640089999999994
1.2213550000000009
1.3005519999999997
1.3029019999999996
1.3640089999999994
1.2213550000000009
1.3005519999999997
1.3029019999999996
1.3640089999999994
1.2213550000000009
1.3005519999999997
1.3029019999999996
1.3640089999999994
1.2213550000000009
1.3005519999999997
1.3029019999999996
1.3640089999999994
1.2213550000000009
1.3005519999999997
1.3029019999999996
1.3640089999999994
1.2213550000000009
1.3005519999999997
1.3029019999999996
1.3640089999999994
1.2213550000000009
1.3005519999999997
1.3029019999999996
1.3640089999999994
1.2213550000000009
1.3005519999999997
1.3029019999999996
1.3640089999999994
1.2213550000000009
1.3005519999999997
1.3029019999999996
-1.272309
-1.2592889999999999
-1.3386969999999998
-1.3185219999999997
-1.272309
-1.2592889999999999
-1.3386969999999998
-1.3185219999999997
-1.272309
-1.2592889999999999
-1.3386969999999998
-1.3185219999999997
-1.272309
-1.2592889999999999
-1.3386969999999998
-1.3185219999999997
-1.272309
-1.2592889999999999
-1.3386969999999998
-1.3185219999999997
-1.272309
-1.2592889999999999
-1.3386969999999998
-1.3185219999999997
-1.272309
-1.2592889999999999
-1.3386969999999998
-1.3185219999999997
-1.272309
-1.2592889999999999
-1.3386969999999998
-1.3185219999999997
-1.272309
-1.2592889999999999
-1.3386969999999998
-1.3185219999999997
-1.272309
-1.2592889999999999
-1.3386969999999998
-1.3185219999999997
-1.272309
-1.2592889999999999
-1.3386969999999998
-1.3185219999999997
-1.272309
-1.2592889999999999
-1.3386969999999998
-1.3185219999999997
-1.272309
-1.2592889999999999
-1.3386969999999998
-1.3185219999999997
-1.272309
-1.2592889999999999
-1.3386969999999998
-1.3185219999999997
-1.272309
-1.2592889999999999
-1.3386969999999998
-1.3185219999999997
-1.272309
-1.2592889999999999
-1.3386969999999998
-1.3185219999999997
-1.272309
-1.2592889999999999
-1.3386969999999998
-1.3185219999999997
-1.272309
-1.2592889999999999
-1.3386969999999998
-1.3185219999999997
-1.272309
-1.2592889999999999
-1.3386969999999998
-1.3185219999999997
-1.272309
-1.2592889999999999
-1.3386969999999998
-1.3185219999999997
-1.272309
-1.2592889999999999
-1.3386969999999998
-1.3185219999999997
-1.272309
-1.2592889999999999
-1.3386969999999998
-1.3185219999999997
-1.272309
-1.2592889999999999
-1.3386969999999998
-1.3185219999999997
-1.272309
-1.2592889999999999
-1.3386969999999998
-1.3185219999999997
-1.272309
-1.2592889999999999
-1.3386969999999998
-1.3185219999999997
-1.272309
-1.2592889999999999
-1.3386969999999998
-1.3185219999999997
-1.272309
-1.2592889999999999
-1.3386969999999998
-1.3185219999999997
