0.6637609999999992
0.6637609999999992
0.6637609999999992
0.6637609999999992
0.6637609999999992
0.6637609999999992
0.6637609999999992
0.6637609999999992
0.6637609999999992
0.6637609999999992
0.6637609999999992
0.6637609999999992
0.6637609999999992
0.6637609999999992
0.6637609999999992
0.6637609999999992
0.6637609999999992
0.6637609999999992
0.6637609999999992
0.6637609999999992
0.6637609999999992
0.6637609999999992
0.6637609999999992
0.6637609999999992
0.6637609999999992
0.6637609999999992
0.6637609999999992
0.6637609999999992
0.6637609999999992
0.6637609999999992
0.6637609999999992
0.6637609999999992
-0.663761
-0.663761
-0.663761
-0.663761
-0.663761
-0.663761
-0.663761
-0.663761
-0.663761
-0.663761
-0.663761
-0.663761
-0.663761
-0.663761
-0.663761
-0.663761
-0.663761
-0.663761
-0.663761
-0.663761
-0.663761
-0.663761
-0.663761
-0.663761
-0.663761
-0.663761
-0.663761
-0.663761
-0.663761
-0.663761
-0.663761
-0.663761
