1.4462740000000007
1.4462740000000007
1.4462740000000007
1.4462740000000007
1.4462740000000007
1.4462740000000007
1.4462740000000007
1.4462740000000007
1.4462740000000007
1.4462740000000007
1.4462740000000007
1.4462740000000007
1.4462740000000007
1.4462740000000007
1.4462740000000007
1.4462740000000007
1.4462740000000007
1.4462740000000007
1.4462740000000007
1.4462740000000007
1.4462740000000007
1.4462740000000007
1.4462740000000007
1.4462740000000007
1.4462740000000007
1.4462740000000007
1.4462740000000007
1.4462740000000007
1.4462740000000007
1.4462740000000007
1.4462740000000007
1.4462740000000007
-1.446275
-1.446275
-1.446275
-1.446275
-1.446275
-1.446275
-1.446275
-1.446275
-1.446275
-1.446275
-1.446275
-1.446275
-1.446275
-1.446275
-1.446275
-1.446275
-1.446275
-1.446275
-1.446275
-1.446275
-1.446275
-1.446275
-1.446275
-1.446275
-1.446275
-1.446275
-1.446275
-1.446275
-1.446275
-1.446275
-1.446275
-1.446275
