0.9459599999999995
0.941141
0.6816639999999996
1.4000889999999995
0.9459599999999995
0.941141
0.6816639999999996
1.4000889999999995
0.9459599999999995
0.941141
0.6816639999999996
1.4000889999999995
0.9459599999999995
0.941141
0.6816639999999996
1.4000889999999995
0.9459599999999995
0.941141
0.6816639999999996
1.4000889999999995
0.9459599999999995
0.941141
0.6816639999999996
1.4000889999999995
0.9459599999999995
0.941141
0.6816639999999996
1.4000889999999995
0.9459599999999995
0.941141
0.6816639999999996
1.4000889999999995
0.9459599999999995
0.941141
0.6816639999999996
1.4000889999999995
0.9459599999999995
0.941141
0.6816639999999996
1.4000889999999995
0.9459599999999995
0.941141
0.6816639999999996
1.4000889999999995
0.9459599999999995
0.941141
0.6816639999999996
1.4000889999999995
0.9459599999999995
0.941141
0.6816639999999996
1.4000889999999995
0.9459599999999995
0.941141
0.6816639999999996
1.4000889999999995
0.9459599999999995
0.941141
0.6816639999999996
1.4000889999999995
0.9459599999999995
0.941141
0.6816639999999996
1.4000889999999995
0.9459599999999995
0.941141
0.6816639999999996
1.4000889999999995
0.9459599999999995
0.941141
0.6816639999999996
1.4000889999999995
0.9459599999999995
0.941141
0.6816639999999996
1.4000889999999995
0.9459599999999995
0.941141
0.6816639999999996
1.4000889999999995
0.9459599999999995
0.941141
0.6816639999999996
1.4000889999999995
0.9459599999999995
0.941141
0.6816639999999996
1.4000889999999995
0.9459599999999995
0.941141
0.6816639999999996
1.4000889999999995
0.9459599999999995
0.941141
0.6816639999999996
1.4000889999999995
0.9459599999999995
0.941141
0.6816639999999996
1.4000889999999995
0.9459599999999995
0.941141
0.6816639999999996
1.4000889999999995
0.9459599999999995
0.941141
0.6816639999999996
1.4000889999999995
-0.8518119999999998
-1.135682
-0.6952980000000002
-1.2860630000000004
-0.8518119999999998
-1.135682
-0.6952980000000002
-1.2860630000000004
-0.8518119999999998
-1.135682
-0.6952980000000002
-1.2860630000000004
-0.8518119999999998
-1.135682
-0.6952980000000002
-1.2860630000000004
-0.8518119999999998
-1.135682
-0.6952980000000002
-1.2860630000000004
-0.8518119999999998
-1.135682
-0.6952980000000002
-1.2860630000000004
-0.8518119999999998
-1.135682
-0.6952980000000002
-1.2860630000000004
-0.8518119999999998
-1.135682
-0.6952980000000002
-1.2860630000000004
-0.8518119999999998
-1.135682
-0.6952980000000002
-1.2860630000000004
-0.8518119999999998
-1.135682
-0.6952980000000002
-1.2860630000000004
-0.8518119999999998
-1.135682
-0.6952980000000002
-1.2860630000000004
-0.8518119999999998
-1.135682
-0.6952980000000002
-1.2860630000000004
-0.8518119999999998
-1.135682
-0.6952980000000002
-1.2860630000000004
-0.8518119999999998
-1.135682
-0.6952980000000002
-1.2860630000000004
-0.8518119999999998
-1.135682
-0.6952980000000002
-1.2860630000000004
-0.8518119999999998
-1.135682
-0.6952980000000002
-1.2860630000000004
-0.8518119999999998
-1.135682
-0.6952980000000002
-1.2860630000000004
-0.8518119999999998
-1.135682
-0.6952980000000002
-1.2860630000000004
-0.8518119999999998
-1.135682
-0.6952980000000002
-1.2860630000000004
-0.8518119999999998
-1.135682
-0.6952980000000002
-1.2860630000000004
-0.8518119999999998
-1.135682
-0.6952980000000002
-1.2860630000000004
-0.8518119999999998
-1.135682
-0.6952980000000002
-1.2860630000000004
-0.8518119999999998
-1.135682
-0.6952980000000002
-1.2860630000000004
-0.8518119999999998
-1.135682
-0.6952980000000002
-1.2860630000000004
-0.8518119999999998
-1.135682
-0.6952980000000002
-1.2860630000000004
-0.8518119999999998
-1.135682
-0.6952980000000002
-1.2860630000000004
-0.8518119999999998
-1.135682
-0.6952980000000002
-1.2860630000000004
