0.873659
0.8173320000000004
1.3512520000000006
0.8857780000000002
0.873659
0.8173320000000004
1.3512520000000006
0.8857780000000002
0.873659
0.8173320000000004
1.3512520000000006
0.8857780000000002
0.873659
0.8173320000000004
1.3512520000000006
0.8857780000000002
0.873659
0.8173320000000004
1.3512520000000006
0.8857780000000002
0.873659
0.8173320000000004
1.3512520000000006
0.8857780000000002
0.873659
0.8173320000000004
1.3512520000000006
0.8857780000000002
0.873659
0.8173320000000004
1.3512520000000006
0.8857780000000002
0.873659
0.8173320000000004
1.3512520000000006
0.8857780000000002
0.873659
0.8173320000000004
1.3512520000000006
0.8857780000000002
0.873659
0.8173320000000004
1.3512520000000006
0.8857780000000002
0.873659
0.8173320000000004
1.3512520000000006
0.8857780000000002
0.873659
0.8173320000000004
1.3512520000000006
0.8857780000000002
0.873659
0.8173320000000004
1.3512520000000006
0.8857780000000002
0.873659
0.8173320000000004
1.3512520000000006
0.8857780000000002
0.873659
0.8173320000000004
1.3512520000000006
0.8857780000000002
0.873659
0.8173320000000004
1.3512520000000006
0.8857780000000002
0.873659
0.8173320000000004
1.3512520000000006
0.8857780000000002
0.873659
0.8173320000000004
1.3512520000000006
0.8857780000000002
0.873659
0.8173320000000004
1.3512520000000006
0.8857780000000002
0.873659
0.8173320000000004
1.3512520000000006
0.8857780000000002
0.873659
0.8173320000000004
1.3512520000000006
0.8857780000000002
0.873659
0.8173320000000004
1.3512520000000006
0.8857780000000002
0.873659
0.8173320000000004
1.3512520000000006
0.8857780000000002
0.873659
0.8173320000000004
1.3512520000000006
0.8857780000000002
0.873659
0.8173320000000004
1.3512520000000006
0.8857780000000002
0.873659
0.8173320000000004
1.3512520000000006
0.8857780000000002
-1.1363320000000003
-0.820011
-0.728396
-1.2432819999999998
-1.1363320000000003
-0.820011
-0.728396
-1.2432819999999998
-1.1363320000000003
-0.820011
-0.728396
-1.2432819999999998
-1.1363320000000003
-0.820011
-0.728396
-1.2432819999999998
-1.1363320000000003
-0.820011
-0.728396
-1.2432819999999998
-1.1363320000000003
-0.820011
-0.728396
-1.2432819999999998
-1.1363320000000003
-0.820011
-0.728396
-1.2432819999999998
-1.1363320000000003
-0.820011
-0.728396
-1.2432819999999998
-1.1363320000000003
-0.820011
-0.728396
-1.2432819999999998
-1.1363320000000003
-0.820011
-0.728396
-1.2432819999999998
-1.1363320000000003
-0.820011
-0.728396
-1.2432819999999998
-1.1363320000000003
-0.820011
-0.728396
-1.2432819999999998
-1.1363320000000003
-0.820011
-0.728396
-1.2432819999999998
-1.1363320000000003
-0.820011
-0.728396
-1.2432819999999998
-1.1363320000000003
-0.820011
-0.728396
-1.2432819999999998
-1.1363320000000003
-0.820011
-0.728396
-1.2432819999999998
-1.1363320000000003
-0.820011
-0.728396
-1.2432819999999998
-1.1363320000000003
-0.820011
-0.728396
-1.2432819999999998
-1.1363320000000003
-0.820011
-0.728396
-1.2432819999999998
-1.1363320000000003
-0.820011
-0.728396
-1.2432819999999998
-1.1363320000000003
-0.820011
-0.728396
-1.2432819999999998
-1.1363320000000003
-0.820011
-0.728396
-1.2432819999999998
-1.1363320000000003
-0.820011
-0.728396
-1.2432819999999998
-1.1363320000000003
-0.820011
-0.728396
-1.2432819999999998
-1.1363320000000003
-0.820011
-0.728396
-1.2432819999999998
-1.1363320000000003
-0.820011
-0.728396
-1.2432819999999998
-1.1363320000000003
-0.820011
-0.728396
-1.2432819999999998
