0.8549919999999993
1.16948
1.1113689999999998
0.7328969999999995
0.8549919999999993
1.16948
1.1113689999999998
0.7328969999999995
0.8549919999999993
1.16948
1.1113689999999998
0.7328969999999995
0.8549919999999993
1.16948
1.1113689999999998
0.7328969999999995
0.8549919999999993
1.16948
1.1113689999999998
0.7328969999999995
0.8549919999999993
1.16948
1.1113689999999998
0.7328969999999995
0.8549919999999993
1.16948
1.1113689999999998
0.7328969999999995
0.8549919999999993
1.16948
1.1113689999999998
0.7328969999999995
0.8549919999999993
1.16948
1.1113689999999998
0.7328969999999995
0.8549919999999993
1.16948
1.1113689999999998
0.7328969999999995
0.8549919999999993
1.16948
1.1113689999999998
0.7328969999999995
0.8549919999999993
1.16948
1.1113689999999998
0.7328969999999995
0.8549919999999993
1.16948
1.1113689999999998
0.7328969999999995
0.8549919999999993
1.16948
1.1113689999999998
0.7328969999999995
0.8549919999999993
1.16948
1.1113689999999998
0.7328969999999995
0.8549919999999993
1.16948
1.1113689999999998
0.7328969999999995
0.8549919999999993
1.16948
1.1113689999999998
0.7328969999999995
0.8549919999999993
1.16948
1.1113689999999998
0.7328969999999995
0.8549919999999993
1.16948
1.1113689999999998
0.7328969999999995
0.8549919999999993
1.16948
1.1113689999999998
0.7328969999999995
0.8549919999999993
1.16948
1.1113689999999998
0.7328969999999995
0.8549919999999993
1.16948
1.1113689999999998
0.7328969999999995
0.8549919999999993
1.16948
1.1113689999999998
0.7328969999999995
0.8549919999999993
1.16948
1.1113689999999998
0.7328969999999995
0.8549919999999993
1.16948
1.1113689999999998
0.7328969999999995
0.8549919999999993
1.16948
1.1113689999999998
0.7328969999999995
0.8549919999999993
1.16948
1.1113689999999998
0.7328969999999995
-0.6055349999999997
-0.7656070000000001
-1.2227449999999997
-1.2748489999999997
-0.6055349999999997
-0.7656070000000001
-1.2227449999999997
-1.2748489999999997
-0.6055349999999997
-0.7656070000000001
-1.2227449999999997
-1.2748489999999997
-0.6055349999999997
-0.7656070000000001
-1.2227449999999997
-1.2748489999999997
-0.6055349999999997
-0.7656070000000001
-1.2227449999999997
-1.2748489999999997
-0.6055349999999997
-0.7656070000000001
-1.2227449999999997
-1.2748489999999997
-0.6055349999999997
-0.7656070000000001
-1.2227449999999997
-1.2748489999999997
-0.6055349999999997
-0.7656070000000001
-1.2227449999999997
-1.2748489999999997
-0.6055349999999997
-0.7656070000000001
-1.2227449999999997
-1.2748489999999997
-0.6055349999999997
-0.7656070000000001
-1.2227449999999997
-1.2748489999999997
-0.6055349999999997
-0.7656070000000001
-1.2227449999999997
-1.2748489999999997
-0.6055349999999997
-0.7656070000000001
-1.2227449999999997
-1.2748489999999997
-0.6055349999999997
-0.7656070000000001
-1.2227449999999997
-1.2748489999999997
-0.6055349999999997
-0.7656070000000001
-1.2227449999999997
-1.2748489999999997
-0.6055349999999997
-0.7656070000000001
-1.2227449999999997
-1.2748489999999997
-0.6055349999999997
-0.7656070000000001
-1.2227449999999997
-1.2748489999999997
-0.6055349999999997
-0.7656070000000001
-1.2227449999999997
-1.2748489999999997
-0.6055349999999997
-0.7656070000000001
-1.2227449999999997
-1.2748489999999997
-0.6055349999999997
-0.7656070000000001
-1.2227449999999997
-1.2748489999999997
-0.6055349999999997
-0.7656070000000001
-1.2227449999999997
-1.2748489999999997
-0.6055349999999997
-0.7656070000000001
-1.2227449999999997
-1.2748489999999997
-0.6055349999999997
-0.7656070000000001
-1.2227449999999997
-1.2748489999999997
-0.6055349999999997
-0.7656070000000001
-1.2227449999999997
-1.2748489999999997
-0.6055349999999997
-0.7656070000000001
-1.2227449999999997
-1.2748489999999997
-0.6055349999999997
-0.7656070000000001
-1.2227449999999997
-1.2748489999999997
-0.6055349999999997
-0.7656070000000001
-1.2227449999999997
-1.2748489999999997
-0.6055349999999997
-0.7656070000000001
-1.2227449999999997
-1.2748489999999997
