1.3565439999999995
1.3565439999999995
1.3565439999999995
1.3565439999999995
1.3565439999999995
1.3565439999999995
1.3565439999999995
1.3565439999999995
1.3565439999999995
1.3565439999999995
1.3565439999999995
1.3565439999999995
1.3565439999999995
1.3565439999999995
1.3565439999999995
1.3565439999999995
1.3565439999999995
1.3565439999999995
1.3565439999999995
1.3565439999999995
1.3565439999999995
1.3565439999999995
1.3565439999999995
1.3565439999999995
1.3565439999999995
1.3565439999999995
1.3565439999999995
1.3565439999999995
1.3565439999999995
1.3565439999999995
1.3565439999999995
1.3565439999999995
-1.3565440000000004
-1.3565440000000004
-1.3565440000000004
-1.3565440000000004
-1.3565440000000004
-1.3565440000000004
-1.3565440000000004
-1.3565440000000004
-1.3565440000000004
-1.3565440000000004
-1.3565440000000004
-1.3565440000000004
-1.3565440000000004
-1.3565440000000004
-1.3565440000000004
-1.3565440000000004
-1.3565440000000004
-1.3565440000000004
-1.3565440000000004
-1.3565440000000004
-1.3565440000000004
-1.3565440000000004
-1.3565440000000004
-1.3565440000000004
-1.3565440000000004
-1.3565440000000004
-1.3565440000000004
-1.3565440000000004
-1.3565440000000004
-1.3565440000000004
-1.3565440000000004
-1.3565440000000004
