0.7596019999999992
1.0425989999999992
1.0581890000000005
0.010097000000000023
0.7596019999999992
1.0425989999999992
1.0581890000000005
0.010097000000000023
0.7596019999999992
1.0425989999999992
1.0581890000000005
0.010097000000000023
0.7596019999999992
1.0425989999999992
1.0581890000000005
0.010097000000000023
0.7596019999999992
1.0425989999999992
1.0581890000000005
0.010097000000000023
0.7596019999999992
1.0425989999999992
1.0581890000000005
0.010097000000000023
0.7596019999999992
1.0425989999999992
1.0581890000000005
0.010097000000000023
0.7596019999999992
1.0425989999999992
1.0581890000000005
0.010097000000000023
0.7596019999999992
1.0425989999999992
1.0581890000000005
0.010097000000000023
0.7596019999999992
1.0425989999999992
1.0581890000000005
0.010097000000000023
0.7596019999999992
1.0425989999999992
1.0581890000000005
0.010097000000000023
0.7596019999999992
1.0425989999999992
1.0581890000000005
0.010097000000000023
0.7596019999999992
1.0425989999999992
1.0581890000000005
0.010097000000000023
0.7596019999999992
1.0425989999999992
1.0581890000000005
0.010097000000000023
0.7596019999999992
1.0425989999999992
1.0581890000000005
0.010097000000000023
0.7596019999999992
1.0425989999999992
1.0581890000000005
0.010097000000000023
0.7596019999999992
1.0425989999999992
1.0581890000000005
0.010097000000000023
0.7596019999999992
1.0425989999999992
1.0581890000000005
0.010097000000000023
0.7596019999999992
1.0425989999999992
1.0581890000000005
0.010097000000000023
0.7596019999999992
1.0425989999999992
1.0581890000000005
0.010097000000000023
0.7596019999999992
1.0425989999999992
1.0581890000000005
0.010097000000000023
0.7596019999999992
1.0425989999999992
1.0581890000000005
0.010097000000000023
0.7596019999999992
1.0425989999999992
1.0581890000000005
0.010097000000000023
0.7596019999999992
1.0425989999999992
1.0581890000000005
0.010097000000000023
0.7596019999999992
1.0425989999999992
1.0581890000000005
0.010097000000000023
0.7596019999999992
1.0425989999999992
1.0581890000000005
0.010097000000000023
0.7596019999999992
1.0425989999999992
1.0581890000000005
0.010097000000000023
-0.5584020000000001
-1.140212
-0.36118200000000034
-0.8106920000000004
-0.5584020000000001
-1.140212
-0.36118200000000034
-0.8106920000000004
-0.5584020000000001
-1.140212
-0.36118200000000034
-0.8106920000000004
-0.5584020000000001
-1.140212
-0.36118200000000034
-0.8106920000000004
-0.5584020000000001
-1.140212
-0.36118200000000034
-0.8106920000000004
-0.5584020000000001
-1.140212
-0.36118200000000034
-0.8106920000000004
-0.5584020000000001
-1.140212
-0.36118200000000034
-0.8106920000000004
-0.5584020000000001
-1.140212
-0.36118200000000034
-0.8106920000000004
-0.5584020000000001
-1.140212
-0.36118200000000034
-0.8106920000000004
-0.5584020000000001
-1.140212
-0.36118200000000034
-0.8106920000000004
-0.5584020000000001
-1.140212
-0.36118200000000034
-0.8106920000000004
-0.5584020000000001
-1.140212
-0.36118200000000034
-0.8106920000000004
-0.5584020000000001
-1.140212
-0.36118200000000034
-0.8106920000000004
-0.5584020000000001
-1.140212
-0.36118200000000034
-0.8106920000000004
-0.5584020000000001
-1.140212
-0.36118200000000034
-0.8106920000000004
-0.5584020000000001
-1.140212
-0.36118200000000034
-0.8106920000000004
-0.5584020000000001
-1.140212
-0.36118200000000034
-0.8106920000000004
-0.5584020000000001
-1.140212
-0.36118200000000034
-0.8106920000000004
-0.5584020000000001
-1.140212
-0.36118200000000034
-0.8106920000000004
-0.5584020000000001
-1.140212
-0.36118200000000034
-0.8106920000000004
-0.5584020000000001
-1.140212
-0.36118200000000034
-0.8106920000000004
-0.5584020000000001
-1.140212
-0.36118200000000034
-0.8106920000000004
-0.5584020000000001
-1.140212
-0.36118200000000034
-0.8106920000000004
-0.5584020000000001
-1.140212
-0.36118200000000034
-0.8106920000000004
-0.5584020000000001
-1.140212
-0.36118200000000034
-0.8106920000000004
-0.5584020000000001
-1.140212
-0.36118200000000034
-0.8106920000000004
-0.5584020000000001
-1.140212
-0.36118200000000034
-0.8106920000000004
