1.0771569999999997
0.8958960000000005
1.4230269999999994
1.3550810000000002
1.0771569999999997
0.8958960000000005
1.4230269999999994
1.3550810000000002
1.0771569999999997
0.8958960000000005
1.4230269999999994
1.3550810000000002
1.0771569999999997
0.8958960000000005
1.4230269999999994
1.3550810000000002
1.0771569999999997
0.8958960000000005
1.4230269999999994
1.3550810000000002
1.0771569999999997
0.8958960000000005
1.4230269999999994
1.3550810000000002
1.0771569999999997
0.8958960000000005
1.4230269999999994
1.3550810000000002
1.0771569999999997
0.8958960000000005
1.4230269999999994
1.3550810000000002
1.0771569999999997
0.8958960000000005
1.4230269999999994
1.3550810000000002
1.0771569999999997
0.8958960000000005
1.4230269999999994
1.3550810000000002
1.0771569999999997
0.8958960000000005
1.4230269999999994
1.3550810000000002
1.0771569999999997
0.8958960000000005
1.4230269999999994
1.3550810000000002
1.0771569999999997
0.8958960000000005
1.4230269999999994
1.3550810000000002
1.0771569999999997
0.8958960000000005
1.4230269999999994
1.3550810000000002
1.0771569999999997
0.8958960000000005
1.4230269999999994
1.3550810000000002
1.0771569999999997
0.8958960000000005
1.4230269999999994
1.3550810000000002
1.0771569999999997
0.8958960000000005
1.4230269999999994
1.3550810000000002
1.0771569999999997
0.8958960000000005
1.4230269999999994
1.3550810000000002
1.0771569999999997
0.8958960000000005
1.4230269999999994
1.3550810000000002
1.0771569999999997
0.8958960000000005
1.4230269999999994
1.3550810000000002
1.0771569999999997
0.8958960000000005
1.4230269999999994
1.3550810000000002
1.0771569999999997
0.8958960000000005
1.4230269999999994
1.3550810000000002
1.0771569999999997
0.8958960000000005
1.4230269999999994
1.3550810000000002
1.0771569999999997
0.8958960000000005
1.4230269999999994
1.3550810000000002
1.0771569999999997
0.8958960000000005
1.4230269999999994
1.3550810000000002
1.0771569999999997
0.8958960000000005
1.4230269999999994
1.3550810000000002
1.0771569999999997
0.8958960000000005
1.4230269999999994
1.3550810000000002
-1.1966599999999996
-1.2836210000000001
-1.003869
-1.267011
-1.1966599999999996
-1.2836210000000001
-1.003869
-1.267011
-1.1966599999999996
-1.2836210000000001
-1.003869
-1.267011
-1.1966599999999996
-1.2836210000000001
-1.003869
-1.267011
-1.1966599999999996
-1.2836210000000001
-1.003869
-1.267011
-1.1966599999999996
-1.2836210000000001
-1.003869
-1.267011
-1.1966599999999996
-1.2836210000000001
-1.003869
-1.267011
-1.1966599999999996
-1.2836210000000001
-1.003869
-1.267011
-1.1966599999999996
-1.2836210000000001
-1.003869
-1.267011
-1.1966599999999996
-1.2836210000000001
-1.003869
-1.267011
-1.1966599999999996
-1.2836210000000001
-1.003869
-1.267011
-1.1966599999999996
-1.2836210000000001
-1.003869
-1.267011
-1.1966599999999996
-1.2836210000000001
-1.003869
-1.267011
-1.1966599999999996
-1.2836210000000001
-1.003869
-1.267011
-1.1966599999999996
-1.2836210000000001
-1.003869
-1.267011
-1.1966599999999996
-1.2836210000000001
-1.003869
-1.267011
-1.1966599999999996
-1.2836210000000001
-1.003869
-1.267011
-1.1966599999999996
-1.2836210000000001
-1.003869
-1.267011
-1.1966599999999996
-1.2836210000000001
-1.003869
-1.267011
-1.1966599999999996
-1.2836210000000001
-1.003869
-1.267011
-1.1966599999999996
-1.2836210000000001
-1.003869
-1.267011
-1.1966599999999996
-1.2836210000000001
-1.003869
-1.267011
-1.1966599999999996
-1.2836210000000001
-1.003869
-1.267011
-1.1966599999999996
-1.2836210000000001
-1.003869
-1.267011
-1.1966599999999996
-1.2836210000000001
-1.003869
-1.267011
-1.1966599999999996
-1.2836210000000001
-1.003869
-1.267011
-1.1966599999999996
-1.2836210000000001
-1.003869
-1.267011
