1.492203
1.492203
1.492203
1.492203
1.492203
1.492203
1.492203
1.492203
1.492203
1.492203
1.492203
1.492203
1.492203
1.492203
1.492203
1.492203
1.492203
1.492203
1.492203
1.492203
1.492203
1.492203
1.492203
1.492203
1.492203
1.492203
1.492203
1.492203
1.492203
1.492203
1.492203
1.492203
1.492203
1.492203
1.492203
1.492203
1.492203
1.492203
1.492203
1.492203
1.492203
1.492203
1.492203
1.492203
1.492203
1.492203
1.492203
1.492203
1.492203
1.492203
1.492203
1.492203
1.492203
1.492203
1.492203
1.492203
1.492203
1.492203
1.492203
1.492203
1.492203
1.492203
1.492203
1.492203
1.492203
1.492203
1.492203
1.492203
1.492203
1.492203
1.492203
1.492203
-1.492203
-1.492203
-1.492203
-1.492203
-1.492203
-1.492203
-1.492203
-1.492203
-1.492203
-1.492203
-1.492203
-1.492203
-1.492203
-1.492203
-1.492203
-1.492203
-1.492203
-1.492203
-1.492203
-1.492203
-1.492203
-1.492203
-1.492203
-1.492203
-1.492203
-1.492203
-1.492203
-1.492203
-1.492203
-1.492203
-1.492203
-1.492203
-1.492203
-1.492203
-1.492203
-1.492203
-1.492203
-1.492203
-1.492203
-1.492203
-1.492203
-1.492203
-1.492203
-1.492203
-1.492203
-1.492203
-1.492203
-1.492203
-1.492203
-1.492203
-1.492203
-1.492203
-1.492203
-1.492203
-1.492203
-1.492203
-1.492203
-1.492203
-1.492203
-1.492203
-1.492203
-1.492203
-1.492203
-1.492203
-1.492203
-1.492203
-1.492203
-1.492203
-1.492203
-1.492203
-1.492203
-1.492203
