1.3776860000000006
1.3727040000000006
1.3665939999999992
1.4244160000000008
1.3776860000000006
1.3727040000000006
1.3665939999999992
1.4244160000000008
1.3776860000000006
1.3727040000000006
1.3665939999999992
1.4244160000000008
1.3776860000000006
1.3727040000000006
1.3665939999999992
1.4244160000000008
1.3776860000000006
1.3727040000000006
1.3665939999999992
1.4244160000000008
1.3776860000000006
1.3727040000000006
1.3665939999999992
1.4244160000000008
1.3776860000000006
1.3727040000000006
1.3665939999999992
1.4244160000000008
1.3776860000000006
1.3727040000000006
1.3665939999999992
1.4244160000000008
1.3776860000000006
1.3727040000000006
1.3665939999999992
1.4244160000000008
1.3776860000000006
1.3727040000000006
1.3665939999999992
1.4244160000000008
1.3776860000000006
1.3727040000000006
1.3665939999999992
1.4244160000000008
1.3776860000000006
1.3727040000000006
1.3665939999999992
1.4244160000000008
1.3776860000000006
1.3727040000000006
1.3665939999999992
1.4244160000000008
1.3776860000000006
1.3727040000000006
1.3665939999999992
1.4244160000000008
1.3776860000000006
1.3727040000000006
1.3665939999999992
1.4244160000000008
1.3776860000000006
1.3727040000000006
1.3665939999999992
1.4244160000000008
1.3776860000000006
1.3727040000000006
1.3665939999999992
1.4244160000000008
1.3776860000000006
1.3727040000000006
1.3665939999999992
1.4244160000000008
1.3776860000000006
1.3727040000000006
1.3665939999999992
1.4244160000000008
1.3776860000000006
1.3727040000000006
1.3665939999999992
1.4244160000000008
1.3776860000000006
1.3727040000000006
1.3665939999999992
1.4244160000000008
1.3776860000000006
1.3727040000000006
1.3665939999999992
1.4244160000000008
1.3776860000000006
1.3727040000000006
1.3665939999999992
1.4244160000000008
1.3776860000000006
1.3727040000000006
1.3665939999999992
1.4244160000000008
1.3776860000000006
1.3727040000000006
1.3665939999999992
1.4244160000000008
1.3776860000000006
1.3727040000000006
1.3665939999999992
1.4244160000000008
1.3776860000000006
1.3727040000000006
1.3665939999999992
1.4244160000000008
-1.3791650000000004
-1.3946560000000003
-1.3582239999999999
-1.4093530000000003
-1.3791650000000004
-1.3946560000000003
-1.3582239999999999
-1.4093530000000003
-1.3791650000000004
-1.3946560000000003
-1.3582239999999999
-1.4093530000000003
-1.3791650000000004
-1.3946560000000003
-1.3582239999999999
-1.4093530000000003
-1.3791650000000004
-1.3946560000000003
-1.3582239999999999
-1.4093530000000003
-1.3791650000000004
-1.3946560000000003
-1.3582239999999999
-1.4093530000000003
-1.3791650000000004
-1.3946560000000003
-1.3582239999999999
-1.4093530000000003
-1.3791650000000004
-1.3946560000000003
-1.3582239999999999
-1.4093530000000003
-1.3791650000000004
-1.3946560000000003
-1.3582239999999999
-1.4093530000000003
-1.3791650000000004
-1.3946560000000003
-1.3582239999999999
-1.4093530000000003
-1.3791650000000004
-1.3946560000000003
-1.3582239999999999
-1.4093530000000003
-1.3791650000000004
-1.3946560000000003
-1.3582239999999999
-1.4093530000000003
-1.3791650000000004
-1.3946560000000003
-1.3582239999999999
-1.4093530000000003
-1.3791650000000004
-1.3946560000000003
-1.3582239999999999
-1.4093530000000003
-1.3791650000000004
-1.3946560000000003
-1.3582239999999999
-1.4093530000000003
-1.3791650000000004
-1.3946560000000003
-1.3582239999999999
-1.4093530000000003
-1.3791650000000004
-1.3946560000000003
-1.3582239999999999
-1.4093530000000003
-1.3791650000000004
-1.3946560000000003
-1.3582239999999999
-1.4093530000000003
-1.3791650000000004
-1.3946560000000003
-1.3582239999999999
-1.4093530000000003
-1.3791650000000004
-1.3946560000000003
-1.3582239999999999
-1.4093530000000003
-1.3791650000000004
-1.3946560000000003
-1.3582239999999999
-1.4093530000000003
-1.3791650000000004
-1.3946560000000003
-1.3582239999999999
-1.4093530000000003
-1.3791650000000004
-1.3946560000000003
-1.3582239999999999
-1.4093530000000003
-1.3791650000000004
-1.3946560000000003
-1.3582239999999999
-1.4093530000000003
-1.3791650000000004
-1.3946560000000003
-1.3582239999999999
-1.4093530000000003
-1.3791650000000004
-1.3946560000000003
-1.3582239999999999
-1.4093530000000003
-1.3791650000000004
-1.3946560000000003
-1.3582239999999999
-1.4093530000000003
