0.8036030000000007
0.8036030000000007
0.8036030000000007
0.8036030000000007
0.8036030000000007
0.8036030000000007
0.8036030000000007
0.8036030000000007
0.8036030000000007
0.8036030000000007
0.8036030000000007
0.8036030000000007
0.8036030000000007
0.8036030000000007
0.8036030000000007
0.8036030000000007
0.8036030000000007
0.8036030000000007
0.8036030000000007
0.8036030000000007
0.8036030000000007
0.8036030000000007
0.8036030000000007
0.8036030000000007
0.8036030000000007
0.8036030000000007
0.8036030000000007
0.8036030000000007
0.8036030000000007
0.8036030000000007
0.8036030000000007
0.8036030000000007
-0.8036019999999997
-0.8036019999999997
-0.8036019999999997
-0.8036019999999997
-0.8036019999999997
-0.8036019999999997
-0.8036019999999997
-0.8036019999999997
-0.8036019999999997
-0.8036019999999997
-0.8036019999999997
-0.8036019999999997
-0.8036019999999997
-0.8036019999999997
-0.8036019999999997
-0.8036019999999997
-0.8036019999999997
-0.8036019999999997
-0.8036019999999997
-0.8036019999999997
-0.8036019999999997
-0.8036019999999997
-0.8036019999999997
-0.8036019999999997
-0.8036019999999997
-0.8036019999999997
-0.8036019999999997
-0.8036019999999997
-0.8036019999999997
-0.8036019999999997
-0.8036019999999997
-0.8036019999999997
