0.7967230000000001
1.4129470000000008
0.8607320000000005
0.8417379999999994
0.7967230000000001
1.4129470000000008
0.8607320000000005
0.8417379999999994
0.7967230000000001
1.4129470000000008
0.8607320000000005
0.8417379999999994
0.7967230000000001
1.4129470000000008
0.8607320000000005
0.8417379999999994
0.7967230000000001
1.4129470000000008
0.8607320000000005
0.8417379999999994
0.7967230000000001
1.4129470000000008
0.8607320000000005
0.8417379999999994
0.7967230000000001
1.4129470000000008
0.8607320000000005
0.8417379999999994
0.7967230000000001
1.4129470000000008
0.8607320000000005
0.8417379999999994
0.7967230000000001
1.4129470000000008
0.8607320000000005
0.8417379999999994
0.7967230000000001
1.4129470000000008
0.8607320000000005
0.8417379999999994
0.7967230000000001
1.4129470000000008
0.8607320000000005
0.8417379999999994
0.7967230000000001
1.4129470000000008
0.8607320000000005
0.8417379999999994
0.7967230000000001
1.4129470000000008
0.8607320000000005
0.8417379999999994
0.7967230000000001
1.4129470000000008
0.8607320000000005
0.8417379999999994
0.7967230000000001
1.4129470000000008
0.8607320000000005
0.8417379999999994
0.7967230000000001
1.4129470000000008
0.8607320000000005
0.8417379999999994
0.7967230000000001
1.4129470000000008
0.8607320000000005
0.8417379999999994
0.7967230000000001
1.4129470000000008
0.8607320000000005
0.8417379999999994
0.7967230000000001
1.4129470000000008
0.8607320000000005
0.8417379999999994
0.7967230000000001
1.4129470000000008
0.8607320000000005
0.8417379999999994
0.7967230000000001
1.4129470000000008
0.8607320000000005
0.8417379999999994
0.7967230000000001
1.4129470000000008
0.8607320000000005
0.8417379999999994
0.7967230000000001
1.4129470000000008
0.8607320000000005
0.8417379999999994
0.7967230000000001
1.4129470000000008
0.8607320000000005
0.8417379999999994
0.7967230000000001
1.4129470000000008
0.8607320000000005
0.8417379999999994
0.7967230000000001
1.4129470000000008
0.8607320000000005
0.8417379999999994
0.7967230000000001
1.4129470000000008
0.8607320000000005
0.8417379999999994
-0.9640719999999998
-0.9231259999999999
-0.9959290000000003
-1.0290109999999997
-0.9640719999999998
-0.9231259999999999
-0.9959290000000003
-1.0290109999999997
-0.9640719999999998
-0.9231259999999999
-0.9959290000000003
-1.0290109999999997
-0.9640719999999998
-0.9231259999999999
-0.9959290000000003
-1.0290109999999997
-0.9640719999999998
-0.9231259999999999
-0.9959290000000003
-1.0290109999999997
-0.9640719999999998
-0.9231259999999999
-0.9959290000000003
-1.0290109999999997
-0.9640719999999998
-0.9231259999999999
-0.9959290000000003
-1.0290109999999997
-0.9640719999999998
-0.9231259999999999
-0.9959290000000003
-1.0290109999999997
-0.9640719999999998
-0.9231259999999999
-0.9959290000000003
-1.0290109999999997
-0.9640719999999998
-0.9231259999999999
-0.9959290000000003
-1.0290109999999997
-0.9640719999999998
-0.9231259999999999
-0.9959290000000003
-1.0290109999999997
-0.9640719999999998
-0.9231259999999999
-0.9959290000000003
-1.0290109999999997
-0.9640719999999998
-0.9231259999999999
-0.9959290000000003
-1.0290109999999997
-0.9640719999999998
-0.9231259999999999
-0.9959290000000003
-1.0290109999999997
-0.9640719999999998
-0.9231259999999999
-0.9959290000000003
-1.0290109999999997
-0.9640719999999998
-0.9231259999999999
-0.9959290000000003
-1.0290109999999997
-0.9640719999999998
-0.9231259999999999
-0.9959290000000003
-1.0290109999999997
-0.9640719999999998
-0.9231259999999999
-0.9959290000000003
-1.0290109999999997
-0.9640719999999998
-0.9231259999999999
-0.9959290000000003
-1.0290109999999997
-0.9640719999999998
-0.9231259999999999
-0.9959290000000003
-1.0290109999999997
-0.9640719999999998
-0.9231259999999999
-0.9959290000000003
-1.0290109999999997
-0.9640719999999998
-0.9231259999999999
-0.9959290000000003
-1.0290109999999997
-0.9640719999999998
-0.9231259999999999
-0.9959290000000003
-1.0290109999999997
-0.9640719999999998
-0.9231259999999999
-0.9959290000000003
-1.0290109999999997
-0.9640719999999998
-0.9231259999999999
-0.9959290000000003
-1.0290109999999997
-0.9640719999999998
-0.9231259999999999
-0.9959290000000003
-1.0290109999999997
-0.9640719999999998
-0.9231259999999999
-0.9959290000000003
-1.0290109999999997
