0.3609170000000006
0.8129969999999993
1.4634820000000008
1.1117270000000001
0.3609170000000006
0.8129969999999993
1.4634820000000008
1.1117270000000001
0.3609170000000006
0.8129969999999993
1.4634820000000008
1.1117270000000001
0.3609170000000006
0.8129969999999993
1.4634820000000008
1.1117270000000001
0.3609170000000006
0.8129969999999993
1.4634820000000008
1.1117270000000001
0.3609170000000006
0.8129969999999993
1.4634820000000008
1.1117270000000001
0.3609170000000006
0.8129969999999993
1.4634820000000008
1.1117270000000001
0.3609170000000006
0.8129969999999993
1.4634820000000008
1.1117270000000001
0.3609170000000006
0.8129969999999993
1.4634820000000008
1.1117270000000001
0.3609170000000006
0.8129969999999993
1.4634820000000008
1.1117270000000001
0.3609170000000006
0.8129969999999993
1.4634820000000008
1.1117270000000001
0.3609170000000006
0.8129969999999993
1.4634820000000008
1.1117270000000001
0.3609170000000006
0.8129969999999993
1.4634820000000008
1.1117270000000001
0.3609170000000006
0.8129969999999993
1.4634820000000008
1.1117270000000001
0.3609170000000006
0.8129969999999993
1.4634820000000008
1.1117270000000001
0.3609170000000006
0.8129969999999993
1.4634820000000008
1.1117270000000001
0.3609170000000006
0.8129969999999993
1.4634820000000008
1.1117270000000001
0.3609170000000006
0.8129969999999993
1.4634820000000008
1.1117270000000001
0.3609170000000006
0.8129969999999993
1.4634820000000008
1.1117270000000001
0.3609170000000006
0.8129969999999993
1.4634820000000008
1.1117270000000001
0.3609170000000006
0.8129969999999993
1.4634820000000008
1.1117270000000001
0.3609170000000006
0.8129969999999993
1.4634820000000008
1.1117270000000001
0.3609170000000006
0.8129969999999993
1.4634820000000008
1.1117270000000001
0.3609170000000006
0.8129969999999993
1.4634820000000008
1.1117270000000001
0.3609170000000006
0.8129969999999993
1.4634820000000008
1.1117270000000001
0.3609170000000006
0.8129969999999993
1.4634820000000008
1.1117270000000001
0.3609170000000006
0.8129969999999993
1.4634820000000008
1.1117270000000001
-0.8482789999999998
-0.9845709999999999
-1.0768969999999998
-0.8393769999999998
-0.8482789999999998
-0.9845709999999999
-1.0768969999999998
-0.8393769999999998
-0.8482789999999998
-0.9845709999999999
-1.0768969999999998
-0.8393769999999998
-0.8482789999999998
-0.9845709999999999
-1.0768969999999998
-0.8393769999999998
-0.8482789999999998
-0.9845709999999999
-1.0768969999999998
-0.8393769999999998
-0.8482789999999998
-0.9845709999999999
-1.0768969999999998
-0.8393769999999998
-0.8482789999999998
-0.9845709999999999
-1.0768969999999998
-0.8393769999999998
-0.8482789999999998
-0.9845709999999999
-1.0768969999999998
-0.8393769999999998
-0.8482789999999998
-0.9845709999999999
-1.0768969999999998
-0.8393769999999998
-0.8482789999999998
-0.9845709999999999
-1.0768969999999998
-0.8393769999999998
-0.8482789999999998
-0.9845709999999999
-1.0768969999999998
-0.8393769999999998
-0.8482789999999998
-0.9845709999999999
-1.0768969999999998
-0.8393769999999998
-0.8482789999999998
-0.9845709999999999
-1.0768969999999998
-0.8393769999999998
-0.8482789999999998
-0.9845709999999999
-1.0768969999999998
-0.8393769999999998
-0.8482789999999998
-0.9845709999999999
-1.0768969999999998
-0.8393769999999998
-0.8482789999999998
-0.9845709999999999
-1.0768969999999998
-0.8393769999999998
-0.8482789999999998
-0.9845709999999999
-1.0768969999999998
-0.8393769999999998
-0.8482789999999998
-0.9845709999999999
-1.0768969999999998
-0.8393769999999998
-0.8482789999999998
-0.9845709999999999
-1.0768969999999998
-0.8393769999999998
-0.8482789999999998
-0.9845709999999999
-1.0768969999999998
-0.8393769999999998
-0.8482789999999998
-0.9845709999999999
-1.0768969999999998
-0.8393769999999998
-0.8482789999999998
-0.9845709999999999
-1.0768969999999998
-0.8393769999999998
-0.8482789999999998
-0.9845709999999999
-1.0768969999999998
-0.8393769999999998
-0.8482789999999998
-0.9845709999999999
-1.0768969999999998
-0.8393769999999998
-0.8482789999999998
-0.9845709999999999
-1.0768969999999998
-0.8393769999999998
-0.8482789999999998
-0.9845709999999999
-1.0768969999999998
-0.8393769999999998
-0.8482789999999998
-0.9845709999999999
-1.0768969999999998
-0.8393769999999998
