0.886336
1.190671
1.2337900000000008
1.4144839999999999
0.886336
1.190671
1.2337900000000008
1.4144839999999999
0.886336
1.190671
1.2337900000000008
1.4144839999999999
0.886336
1.190671
1.2337900000000008
1.4144839999999999
0.886336
1.190671
1.2337900000000008
1.4144839999999999
0.886336
1.190671
1.2337900000000008
1.4144839999999999
0.886336
1.190671
1.2337900000000008
1.4144839999999999
0.886336
1.190671
1.2337900000000008
1.4144839999999999
0.886336
1.190671
1.2337900000000008
1.4144839999999999
0.886336
1.190671
1.2337900000000008
1.4144839999999999
0.886336
1.190671
1.2337900000000008
1.4144839999999999
0.886336
1.190671
1.2337900000000008
1.4144839999999999
0.886336
1.190671
1.2337900000000008
1.4144839999999999
0.886336
1.190671
1.2337900000000008
1.4144839999999999
0.886336
1.190671
1.2337900000000008
1.4144839999999999
0.886336
1.190671
1.2337900000000008
1.4144839999999999
0.886336
1.190671
1.2337900000000008
1.4144839999999999
0.886336
1.190671
1.2337900000000008
1.4144839999999999
0.886336
1.190671
1.2337900000000008
1.4144839999999999
0.886336
1.190671
1.2337900000000008
1.4144839999999999
0.886336
1.190671
1.2337900000000008
1.4144839999999999
0.886336
1.190671
1.2337900000000008
1.4144839999999999
0.886336
1.190671
1.2337900000000008
1.4144839999999999
0.886336
1.190671
1.2337900000000008
1.4144839999999999
0.886336
1.190671
1.2337900000000008
1.4144839999999999
0.886336
1.190671
1.2337900000000008
1.4144839999999999
0.886336
1.190671
1.2337900000000008
1.4144839999999999
-1.3047909999999998
-1.131201
-1.1362170000000003
-1.153067
-1.3047909999999998
-1.131201
-1.1362170000000003
-1.153067
-1.3047909999999998
-1.131201
-1.1362170000000003
-1.153067
-1.3047909999999998
-1.131201
-1.1362170000000003
-1.153067
-1.3047909999999998
-1.131201
-1.1362170000000003
-1.153067
-1.3047909999999998
-1.131201
-1.1362170000000003
-1.153067
-1.3047909999999998
-1.131201
-1.1362170000000003
-1.153067
-1.3047909999999998
-1.131201
-1.1362170000000003
-1.153067
-1.3047909999999998
-1.131201
-1.1362170000000003
-1.153067
-1.3047909999999998
-1.131201
-1.1362170000000003
-1.153067
-1.3047909999999998
-1.131201
-1.1362170000000003
-1.153067
-1.3047909999999998
-1.131201
-1.1362170000000003
-1.153067
-1.3047909999999998
-1.131201
-1.1362170000000003
-1.153067
-1.3047909999999998
-1.131201
-1.1362170000000003
-1.153067
-1.3047909999999998
-1.131201
-1.1362170000000003
-1.153067
-1.3047909999999998
-1.131201
-1.1362170000000003
-1.153067
-1.3047909999999998
-1.131201
-1.1362170000000003
-1.153067
-1.3047909999999998
-1.131201
-1.1362170000000003
-1.153067
-1.3047909999999998
-1.131201
-1.1362170000000003
-1.153067
-1.3047909999999998
-1.131201
-1.1362170000000003
-1.153067
-1.3047909999999998
-1.131201
-1.1362170000000003
-1.153067
-1.3047909999999998
-1.131201
-1.1362170000000003
-1.153067
-1.3047909999999998
-1.131201
-1.1362170000000003
-1.153067
-1.3047909999999998
-1.131201
-1.1362170000000003
-1.153067
-1.3047909999999998
-1.131201
-1.1362170000000003
-1.153067
-1.3047909999999998
-1.131201
-1.1362170000000003
-1.153067
-1.3047909999999998
-1.131201
-1.1362170000000003
-1.153067
