1.4387699999999999
1.3918579999999992
1.4367180000000008
1.421125
1.4387699999999999
1.3918579999999992
1.4367180000000008
1.421125
1.4387699999999999
1.3918579999999992
1.4367180000000008
1.421125
1.4387699999999999
1.3918579999999992
1.4367180000000008
1.421125
1.4387699999999999
1.3918579999999992
1.4367180000000008
1.421125
1.4387699999999999
1.3918579999999992
1.4367180000000008
1.421125
1.4387699999999999
1.3918579999999992
1.4367180000000008
1.421125
1.4387699999999999
1.3918579999999992
1.4367180000000008
1.421125
1.4387699999999999
1.3918579999999992
1.4367180000000008
1.421125
1.4387699999999999
1.3918579999999992
1.4367180000000008
1.421125
1.4387699999999999
1.3918579999999992
1.4367180000000008
1.421125
1.4387699999999999
1.3918579999999992
1.4367180000000008
1.421125
1.4387699999999999
1.3918579999999992
1.4367180000000008
1.421125
1.4387699999999999
1.3918579999999992
1.4367180000000008
1.421125
1.4387699999999999
1.3918579999999992
1.4367180000000008
1.421125
1.4387699999999999
1.3918579999999992
1.4367180000000008
1.421125
1.4387699999999999
1.3918579999999992
1.4367180000000008
1.421125
1.4387699999999999
1.3918579999999992
1.4367180000000008
1.421125
1.4387699999999999
1.3918579999999992
1.4367180000000008
1.421125
1.4387699999999999
1.3918579999999992
1.4367180000000008
1.421125
1.4387699999999999
1.3918579999999992
1.4367180000000008
1.421125
1.4387699999999999
1.3918579999999992
1.4367180000000008
1.421125
1.4387699999999999
1.3918579999999992
1.4367180000000008
1.421125
1.4387699999999999
1.3918579999999992
1.4367180000000008
1.421125
1.4387699999999999
1.3918579999999992
1.4367180000000008
1.421125
1.4387699999999999
1.3918579999999992
1.4367180000000008
1.421125
1.4387699999999999
1.3918579999999992
1.4367180000000008
1.421125
-1.421793
-1.4277680000000004
-1.4108280000000004
-1.428083
-1.421793
-1.4277680000000004
-1.4108280000000004
-1.428083
-1.421793
-1.4277680000000004
-1.4108280000000004
-1.428083
-1.421793
-1.4277680000000004
-1.4108280000000004
-1.428083
-1.421793
-1.4277680000000004
-1.4108280000000004
-1.428083
-1.421793
-1.4277680000000004
-1.4108280000000004
-1.428083
-1.421793
-1.4277680000000004
-1.4108280000000004
-1.428083
-1.421793
-1.4277680000000004
-1.4108280000000004
-1.428083
-1.421793
-1.4277680000000004
-1.4108280000000004
-1.428083
-1.421793
-1.4277680000000004
-1.4108280000000004
-1.428083
-1.421793
-1.4277680000000004
-1.4108280000000004
-1.428083
-1.421793
-1.4277680000000004
-1.4108280000000004
-1.428083
-1.421793
-1.4277680000000004
-1.4108280000000004
-1.428083
-1.421793
-1.4277680000000004
-1.4108280000000004
-1.428083
-1.421793
-1.4277680000000004
-1.4108280000000004
-1.428083
-1.421793
-1.4277680000000004
-1.4108280000000004
-1.428083
-1.421793
-1.4277680000000004
-1.4108280000000004
-1.428083
-1.421793
-1.4277680000000004
-1.4108280000000004
-1.428083
-1.421793
-1.4277680000000004
-1.4108280000000004
-1.428083
-1.421793
-1.4277680000000004
-1.4108280000000004
-1.428083
-1.421793
-1.4277680000000004
-1.4108280000000004
-1.428083
-1.421793
-1.4277680000000004
-1.4108280000000004
-1.428083
-1.421793
-1.4277680000000004
-1.4108280000000004
-1.428083
-1.421793
-1.4277680000000004
-1.4108280000000004
-1.428083
-1.421793
-1.4277680000000004
-1.4108280000000004
-1.428083
-1.421793
-1.4277680000000004
-1.4108280000000004
-1.428083
-1.421793
-1.4277680000000004
-1.4108280000000004
-1.428083
