0.7399920000000009
1.0586160000000007
0.8462639999999997
0.5361960000000003
0.7399920000000009
1.0586160000000007
0.8462639999999997
0.5361960000000003
0.7399920000000009
1.0586160000000007
0.8462639999999997
0.5361960000000003
0.7399920000000009
1.0586160000000007
0.8462639999999997
0.5361960000000003
0.7399920000000009
1.0586160000000007
0.8462639999999997
0.5361960000000003
0.7399920000000009
1.0586160000000007
0.8462639999999997
0.5361960000000003
0.7399920000000009
1.0586160000000007
0.8462639999999997
0.5361960000000003
0.7399920000000009
1.0586160000000007
0.8462639999999997
0.5361960000000003
0.7399920000000009
1.0586160000000007
0.8462639999999997
0.5361960000000003
0.7399920000000009
1.0586160000000007
0.8462639999999997
0.5361960000000003
0.7399920000000009
1.0586160000000007
0.8462639999999997
0.5361960000000003
0.7399920000000009
1.0586160000000007
0.8462639999999997
0.5361960000000003
0.7399920000000009
1.0586160000000007
0.8462639999999997
0.5361960000000003
0.7399920000000009
1.0586160000000007
0.8462639999999997
0.5361960000000003
0.7399920000000009
1.0586160000000007
0.8462639999999997
0.5361960000000003
0.7399920000000009
1.0586160000000007
0.8462639999999997
0.5361960000000003
0.7399920000000009
1.0586160000000007
0.8462639999999997
0.5361960000000003
0.7399920000000009
1.0586160000000007
0.8462639999999997
0.5361960000000003
0.7399920000000009
1.0586160000000007
0.8462639999999997
0.5361960000000003
0.7399920000000009
1.0586160000000007
0.8462639999999997
0.5361960000000003
0.7399920000000009
1.0586160000000007
0.8462639999999997
0.5361960000000003
0.7399920000000009
1.0586160000000007
0.8462639999999997
0.5361960000000003
0.7399920000000009
1.0586160000000007
0.8462639999999997
0.5361960000000003
0.7399920000000009
1.0586160000000007
0.8462639999999997
0.5361960000000003
0.7399920000000009
1.0586160000000007
0.8462639999999997
0.5361960000000003
0.7399920000000009
1.0586160000000007
0.8462639999999997
0.5361960000000003
0.7399920000000009
1.0586160000000007
0.8462639999999997
0.5361960000000003
-0.6560540000000001
-1.1375700000000002
-0.5371139999999999
-0.8503280000000002
-0.6560540000000001
-1.1375700000000002
-0.5371139999999999
-0.8503280000000002
-0.6560540000000001
-1.1375700000000002
-0.5371139999999999
-0.8503280000000002
-0.6560540000000001
-1.1375700000000002
-0.5371139999999999
-0.8503280000000002
-0.6560540000000001
-1.1375700000000002
-0.5371139999999999
-0.8503280000000002
-0.6560540000000001
-1.1375700000000002
-0.5371139999999999
-0.8503280000000002
-0.6560540000000001
-1.1375700000000002
-0.5371139999999999
-0.8503280000000002
-0.6560540000000001
-1.1375700000000002
-0.5371139999999999
-0.8503280000000002
-0.6560540000000001
-1.1375700000000002
-0.5371139999999999
-0.8503280000000002
-0.6560540000000001
-1.1375700000000002
-0.5371139999999999
-0.8503280000000002
-0.6560540000000001
-1.1375700000000002
-0.5371139999999999
-0.8503280000000002
-0.6560540000000001
-1.1375700000000002
-0.5371139999999999
-0.8503280000000002
-0.6560540000000001
-1.1375700000000002
-0.5371139999999999
-0.8503280000000002
-0.6560540000000001
-1.1375700000000002
-0.5371139999999999
-0.8503280000000002
-0.6560540000000001
-1.1375700000000002
-0.5371139999999999
-0.8503280000000002
-0.6560540000000001
-1.1375700000000002
-0.5371139999999999
-0.8503280000000002
-0.6560540000000001
-1.1375700000000002
-0.5371139999999999
-0.8503280000000002
-0.6560540000000001
-1.1375700000000002
-0.5371139999999999
-0.8503280000000002
-0.6560540000000001
-1.1375700000000002
-0.5371139999999999
-0.8503280000000002
-0.6560540000000001
-1.1375700000000002
-0.5371139999999999
-0.8503280000000002
-0.6560540000000001
-1.1375700000000002
-0.5371139999999999
-0.8503280000000002
-0.6560540000000001
-1.1375700000000002
-0.5371139999999999
-0.8503280000000002
-0.6560540000000001
-1.1375700000000002
-0.5371139999999999
-0.8503280000000002
-0.6560540000000001
-1.1375700000000002
-0.5371139999999999
-0.8503280000000002
-0.6560540000000001
-1.1375700000000002
-0.5371139999999999
-0.8503280000000002
-0.6560540000000001
-1.1375700000000002
-0.5371139999999999
-0.8503280000000002
-0.6560540000000001
-1.1375700000000002
-0.5371139999999999
-0.8503280000000002
