0.7128359999999994
0.8989010000000004
1.8320419999999995
0.6128350000000005
0.7128359999999994
0.8989010000000004
1.8320419999999995
0.6128350000000005
0.7128359999999994
0.8989010000000004
1.8320419999999995
0.6128350000000005
0.7128359999999994
0.8989010000000004
1.8320419999999995
0.6128350000000005
0.7128359999999994
0.8989010000000004
1.8320419999999995
0.6128350000000005
0.7128359999999994
0.8989010000000004
1.8320419999999995
0.6128350000000005
0.7128359999999994
0.8989010000000004
1.8320419999999995
0.6128350000000005
0.7128359999999994
0.8989010000000004
1.8320419999999995
0.6128350000000005
0.7128359999999994
0.8989010000000004
1.8320419999999995
0.6128350000000005
0.7128359999999994
0.8989010000000004
1.8320419999999995
0.6128350000000005
0.7128359999999994
0.8989010000000004
1.8320419999999995
0.6128350000000005
0.7128359999999994
0.8989010000000004
1.8320419999999995
0.6128350000000005
0.7128359999999994
0.8989010000000004
1.8320419999999995
0.6128350000000005
0.7128359999999994
0.8989010000000004
1.8320419999999995
0.6128350000000005
0.7128359999999994
0.8989010000000004
1.8320419999999995
0.6128350000000005
0.7128359999999994
0.8989010000000004
1.8320419999999995
0.6128350000000005
0.7128359999999994
0.8989010000000004
1.8320419999999995
0.6128350000000005
0.7128359999999994
0.8989010000000004
1.8320419999999995
0.6128350000000005
0.7128359999999994
0.8989010000000004
1.8320419999999995
0.6128350000000005
0.7128359999999994
0.8989010000000004
1.8320419999999995
0.6128350000000005
0.7128359999999994
0.8989010000000004
1.8320419999999995
0.6128350000000005
0.7128359999999994
0.8989010000000004
1.8320419999999995
0.6128350000000005
0.7128359999999994
0.8989010000000004
1.8320419999999995
0.6128350000000005
0.7128359999999994
0.8989010000000004
1.8320419999999995
0.6128350000000005
0.7128359999999994
0.8989010000000004
1.8320419999999995
0.6128350000000005
0.7128359999999994
0.8989010000000004
1.8320419999999995
0.6128350000000005
0.7128359999999994
0.8989010000000004
1.8320419999999995
0.6128350000000005
-0.7583679999999999
-1.18987
-0.9326889999999999
-1.1756840000000004
-0.7583679999999999
-1.18987
-0.9326889999999999
-1.1756840000000004
-0.7583679999999999
-1.18987
-0.9326889999999999
-1.1756840000000004
-0.7583679999999999
-1.18987
-0.9326889999999999
-1.1756840000000004
-0.7583679999999999
-1.18987
-0.9326889999999999
-1.1756840000000004
-0.7583679999999999
-1.18987
-0.9326889999999999
-1.1756840000000004
-0.7583679999999999
-1.18987
-0.9326889999999999
-1.1756840000000004
-0.7583679999999999
-1.18987
-0.9326889999999999
-1.1756840000000004
-0.7583679999999999
-1.18987
-0.9326889999999999
-1.1756840000000004
-0.7583679999999999
-1.18987
-0.9326889999999999
-1.1756840000000004
-0.7583679999999999
-1.18987
-0.9326889999999999
-1.1756840000000004
-0.7583679999999999
-1.18987
-0.9326889999999999
-1.1756840000000004
-0.7583679999999999
-1.18987
-0.9326889999999999
-1.1756840000000004
-0.7583679999999999
-1.18987
-0.9326889999999999
-1.1756840000000004
-0.7583679999999999
-1.18987
-0.9326889999999999
-1.1756840000000004
-0.7583679999999999
-1.18987
-0.9326889999999999
-1.1756840000000004
-0.7583679999999999
-1.18987
-0.9326889999999999
-1.1756840000000004
-0.7583679999999999
-1.18987
-0.9326889999999999
-1.1756840000000004
-0.7583679999999999
-1.18987
-0.9326889999999999
-1.1756840000000004
-0.7583679999999999
-1.18987
-0.9326889999999999
-1.1756840000000004
-0.7583679999999999
-1.18987
-0.9326889999999999
-1.1756840000000004
-0.7583679999999999
-1.18987
-0.9326889999999999
-1.1756840000000004
-0.7583679999999999
-1.18987
-0.9326889999999999
-1.1756840000000004
-0.7583679999999999
-1.18987
-0.9326889999999999
-1.1756840000000004
-0.7583679999999999
-1.18987
-0.9326889999999999
-1.1756840000000004
-0.7583679999999999
-1.18987
-0.9326889999999999
-1.1756840000000004
-0.7583679999999999
-1.18987
-0.9326889999999999
-1.1756840000000004
