1.0855239999999995
1.2059770000000007
0.6093989999999998
1.2026760000000003
1.0855239999999995
1.2059770000000007
0.6093989999999998
1.2026760000000003
1.0855239999999995
1.2059770000000007
0.6093989999999998
1.2026760000000003
1.0855239999999995
1.2059770000000007
0.6093989999999998
1.2026760000000003
1.0855239999999995
1.2059770000000007
0.6093989999999998
1.2026760000000003
1.0855239999999995
1.2059770000000007
0.6093989999999998
1.2026760000000003
1.0855239999999995
1.2059770000000007
0.6093989999999998
1.2026760000000003
1.0855239999999995
1.2059770000000007
0.6093989999999998
1.2026760000000003
1.0855239999999995
1.2059770000000007
0.6093989999999998
1.2026760000000003
1.0855239999999995
1.2059770000000007
0.6093989999999998
1.2026760000000003
1.0855239999999995
1.2059770000000007
0.6093989999999998
1.2026760000000003
1.0855239999999995
1.2059770000000007
0.6093989999999998
1.2026760000000003
1.0855239999999995
1.2059770000000007
0.6093989999999998
1.2026760000000003
1.0855239999999995
1.2059770000000007
0.6093989999999998
1.2026760000000003
1.0855239999999995
1.2059770000000007
0.6093989999999998
1.2026760000000003
1.0855239999999995
1.2059770000000007
0.6093989999999998
1.2026760000000003
1.0855239999999995
1.2059770000000007
0.6093989999999998
1.2026760000000003
1.0855239999999995
1.2059770000000007
0.6093989999999998
1.2026760000000003
1.0855239999999995
1.2059770000000007
0.6093989999999998
1.2026760000000003
1.0855239999999995
1.2059770000000007
0.6093989999999998
1.2026760000000003
1.0855239999999995
1.2059770000000007
0.6093989999999998
1.2026760000000003
1.0855239999999995
1.2059770000000007
0.6093989999999998
1.2026760000000003
1.0855239999999995
1.2059770000000007
0.6093989999999998
1.2026760000000003
1.0855239999999995
1.2059770000000007
0.6093989999999998
1.2026760000000003
1.0855239999999995
1.2059770000000007
0.6093989999999998
1.2026760000000003
1.0855239999999995
1.2059770000000007
0.6093989999999998
1.2026760000000003
1.0855239999999995
1.2059770000000007
0.6093989999999998
1.2026760000000003
-1.1605679999999996
-0.8450150000000001
-1.0219420000000001
-1.0760519999999998
-1.1605679999999996
-0.8450150000000001
-1.0219420000000001
-1.0760519999999998
-1.1605679999999996
-0.8450150000000001
-1.0219420000000001
-1.0760519999999998
-1.1605679999999996
-0.8450150000000001
-1.0219420000000001
-1.0760519999999998
-1.1605679999999996
-0.8450150000000001
-1.0219420000000001
-1.0760519999999998
-1.1605679999999996
-0.8450150000000001
-1.0219420000000001
-1.0760519999999998
-1.1605679999999996
-0.8450150000000001
-1.0219420000000001
-1.0760519999999998
-1.1605679999999996
-0.8450150000000001
-1.0219420000000001
-1.0760519999999998
-1.1605679999999996
-0.8450150000000001
-1.0219420000000001
-1.0760519999999998
-1.1605679999999996
-0.8450150000000001
-1.0219420000000001
-1.0760519999999998
-1.1605679999999996
-0.8450150000000001
-1.0219420000000001
-1.0760519999999998
-1.1605679999999996
-0.8450150000000001
-1.0219420000000001
-1.0760519999999998
-1.1605679999999996
-0.8450150000000001
-1.0219420000000001
-1.0760519999999998
-1.1605679999999996
-0.8450150000000001
-1.0219420000000001
-1.0760519999999998
-1.1605679999999996
-0.8450150000000001
-1.0219420000000001
-1.0760519999999998
-1.1605679999999996
-0.8450150000000001
-1.0219420000000001
-1.0760519999999998
-1.1605679999999996
-0.8450150000000001
-1.0219420000000001
-1.0760519999999998
-1.1605679999999996
-0.8450150000000001
-1.0219420000000001
-1.0760519999999998
-1.1605679999999996
-0.8450150000000001
-1.0219420000000001
-1.0760519999999998
-1.1605679999999996
-0.8450150000000001
-1.0219420000000001
-1.0760519999999998
-1.1605679999999996
-0.8450150000000001
-1.0219420000000001
-1.0760519999999998
-1.1605679999999996
-0.8450150000000001
-1.0219420000000001
-1.0760519999999998
-1.1605679999999996
-0.8450150000000001
-1.0219420000000001
-1.0760519999999998
-1.1605679999999996
-0.8450150000000001
-1.0219420000000001
-1.0760519999999998
-1.1605679999999996
-0.8450150000000001
-1.0219420000000001
-1.0760519999999998
-1.1605679999999996
-0.8450150000000001
-1.0219420000000001
-1.0760519999999998
-1.1605679999999996
-0.8450150000000001
-1.0219420000000001
-1.0760519999999998
