0.9393720000000005
0.7522500000000001
1.0087050000000009
1.3899209999999993
0.9393720000000005
0.7522500000000001
1.0087050000000009
1.3899209999999993
0.9393720000000005
0.7522500000000001
1.0087050000000009
1.3899209999999993
0.9393720000000005
0.7522500000000001
1.0087050000000009
1.3899209999999993
0.9393720000000005
0.7522500000000001
1.0087050000000009
1.3899209999999993
0.9393720000000005
0.7522500000000001
1.0087050000000009
1.3899209999999993
0.9393720000000005
0.7522500000000001
1.0087050000000009
1.3899209999999993
0.9393720000000005
0.7522500000000001
1.0087050000000009
1.3899209999999993
0.9393720000000005
0.7522500000000001
1.0087050000000009
1.3899209999999993
0.9393720000000005
0.7522500000000001
1.0087050000000009
1.3899209999999993
0.9393720000000005
0.7522500000000001
1.0087050000000009
1.3899209999999993
0.9393720000000005
0.7522500000000001
1.0087050000000009
1.3899209999999993
0.9393720000000005
0.7522500000000001
1.0087050000000009
1.3899209999999993
0.9393720000000005
0.7522500000000001
1.0087050000000009
1.3899209999999993
0.9393720000000005
0.7522500000000001
1.0087050000000009
1.3899209999999993
0.9393720000000005
0.7522500000000001
1.0087050000000009
1.3899209999999993
0.9393720000000005
0.7522500000000001
1.0087050000000009
1.3899209999999993
0.9393720000000005
0.7522500000000001
1.0087050000000009
1.3899209999999993
0.9393720000000005
0.7522500000000001
1.0087050000000009
1.3899209999999993
0.9393720000000005
0.7522500000000001
1.0087050000000009
1.3899209999999993
0.9393720000000005
0.7522500000000001
1.0087050000000009
1.3899209999999993
0.9393720000000005
0.7522500000000001
1.0087050000000009
1.3899209999999993
0.9393720000000005
0.7522500000000001
1.0087050000000009
1.3899209999999993
0.9393720000000005
0.7522500000000001
1.0087050000000009
1.3899209999999993
0.9393720000000005
0.7522500000000001
1.0087050000000009
1.3899209999999993
0.9393720000000005
0.7522500000000001
1.0087050000000009
1.3899209999999993
0.9393720000000005
0.7522500000000001
1.0087050000000009
1.3899209999999993
-1.255712
-0.7478429999999996
-0.8207940000000002
-1.265898
-1.255712
-0.7478429999999996
-0.8207940000000002
-1.265898
-1.255712
-0.7478429999999996
-0.8207940000000002
-1.265898
-1.255712
-0.7478429999999996
-0.8207940000000002
-1.265898
-1.255712
-0.7478429999999996
-0.8207940000000002
-1.265898
-1.255712
-0.7478429999999996
-0.8207940000000002
-1.265898
-1.255712
-0.7478429999999996
-0.8207940000000002
-1.265898
-1.255712
-0.7478429999999996
-0.8207940000000002
-1.265898
-1.255712
-0.7478429999999996
-0.8207940000000002
-1.265898
-1.255712
-0.7478429999999996
-0.8207940000000002
-1.265898
-1.255712
-0.7478429999999996
-0.8207940000000002
-1.265898
-1.255712
-0.7478429999999996
-0.8207940000000002
-1.265898
-1.255712
-0.7478429999999996
-0.8207940000000002
-1.265898
-1.255712
-0.7478429999999996
-0.8207940000000002
-1.265898
-1.255712
-0.7478429999999996
-0.8207940000000002
-1.265898
-1.255712
-0.7478429999999996
-0.8207940000000002
-1.265898
-1.255712
-0.7478429999999996
-0.8207940000000002
-1.265898
-1.255712
-0.7478429999999996
-0.8207940000000002
-1.265898
-1.255712
-0.7478429999999996
-0.8207940000000002
-1.265898
-1.255712
-0.7478429999999996
-0.8207940000000002
-1.265898
-1.255712
-0.7478429999999996
-0.8207940000000002
-1.265898
-1.255712
-0.7478429999999996
-0.8207940000000002
-1.265898
-1.255712
-0.7478429999999996
-0.8207940000000002
-1.265898
-1.255712
-0.7478429999999996
-0.8207940000000002
-1.265898
-1.255712
-0.7478429999999996
-0.8207940000000002
-1.265898
-1.255712
-0.7478429999999996
-0.8207940000000002
-1.265898
-1.255712
-0.7478429999999996
-0.8207940000000002
-1.265898
