1.4929679999999994
1.4929679999999994
1.4929679999999994
1.4929679999999994
1.4929679999999994
1.4929679999999994
1.4929679999999994
1.4929679999999994
1.4929679999999994
1.4929679999999994
1.4929679999999994
1.4929679999999994
1.4929679999999994
1.4929679999999994
1.4929679999999994
1.4929679999999994
1.4929679999999994
1.4929679999999994
1.4929679999999994
1.4929679999999994
1.4929679999999994
1.4929679999999994
1.4929679999999994
1.4929679999999994
1.4929679999999994
1.4929679999999994
1.4929679999999994
1.4929679999999994
1.4929679999999994
1.4929679999999994
1.4929679999999994
1.4929679999999994
1.4929679999999994
1.4929679999999994
1.4929679999999994
1.4929679999999994
1.4929679999999994
1.4929679999999994
1.4929679999999994
1.4929679999999994
1.4929679999999994
1.4929679999999994
1.4929679999999994
1.4929679999999994
1.4929679999999994
1.4929679999999994
1.4929679999999994
1.4929679999999994
1.4929679999999994
1.4929679999999994
1.4929679999999994
1.4929679999999994
1.4929679999999994
1.4929679999999994
1.4929679999999994
1.4929679999999994
1.4929679999999994
1.4929679999999994
1.4929679999999994
1.4929679999999994
1.4929679999999994
1.4929679999999994
1.4929679999999994
1.4929679999999994
1.4929679999999994
1.4929679999999994
1.4929679999999994
1.4929679999999994
1.4929679999999994
1.4929679999999994
1.4929679999999994
1.4929679999999994
-1.4929680000000003
-1.4929680000000003
-1.4929680000000003
-1.4929680000000003
-1.4929680000000003
-1.4929680000000003
-1.4929680000000003
-1.4929680000000003
-1.4929680000000003
-1.4929680000000003
-1.4929680000000003
-1.4929680000000003
-1.4929680000000003
-1.4929680000000003
-1.4929680000000003
-1.4929680000000003
-1.4929680000000003
-1.4929680000000003
-1.4929680000000003
-1.4929680000000003
-1.4929680000000003
-1.4929680000000003
-1.4929680000000003
-1.4929680000000003
-1.4929680000000003
-1.4929680000000003
-1.4929680000000003
-1.4929680000000003
-1.4929680000000003
-1.4929680000000003
-1.4929680000000003
-1.4929680000000003
-1.4929680000000003
-1.4929680000000003
-1.4929680000000003
-1.4929680000000003
-1.4929680000000003
-1.4929680000000003
-1.4929680000000003
-1.4929680000000003
-1.4929680000000003
-1.4929680000000003
-1.4929680000000003
-1.4929680000000003
-1.4929680000000003
-1.4929680000000003
-1.4929680000000003
-1.4929680000000003
-1.4929680000000003
-1.4929680000000003
-1.4929680000000003
-1.4929680000000003
-1.4929680000000003
-1.4929680000000003
-1.4929680000000003
-1.4929680000000003
-1.4929680000000003
-1.4929680000000003
-1.4929680000000003
-1.4929680000000003
-1.4929680000000003
-1.4929680000000003
-1.4929680000000003
-1.4929680000000003
-1.4929680000000003
-1.4929680000000003
-1.4929680000000003
-1.4929680000000003
-1.4929680000000003
-1.4929680000000003
-1.4929680000000003
-1.4929680000000003
