0.5773410000000005
1.3111700000000006
0.4397500000000001
1.4366760000000003
0.5773410000000005
1.3111700000000006
0.4397500000000001
1.4366760000000003
0.5773410000000005
1.3111700000000006
0.4397500000000001
1.4366760000000003
0.5773410000000005
1.3111700000000006
0.4397500000000001
1.4366760000000003
0.5773410000000005
1.3111700000000006
0.4397500000000001
1.4366760000000003
0.5773410000000005
1.3111700000000006
0.4397500000000001
1.4366760000000003
0.5773410000000005
1.3111700000000006
0.4397500000000001
1.4366760000000003
0.5773410000000005
1.3111700000000006
0.4397500000000001
1.4366760000000003
0.5773410000000005
1.3111700000000006
0.4397500000000001
1.4366760000000003
0.5773410000000005
1.3111700000000006
0.4397500000000001
1.4366760000000003
0.5773410000000005
1.3111700000000006
0.4397500000000001
1.4366760000000003
0.5773410000000005
1.3111700000000006
0.4397500000000001
1.4366760000000003
0.5773410000000005
1.3111700000000006
0.4397500000000001
1.4366760000000003
0.5773410000000005
1.3111700000000006
0.4397500000000001
1.4366760000000003
0.5773410000000005
1.3111700000000006
0.4397500000000001
1.4366760000000003
0.5773410000000005
1.3111700000000006
0.4397500000000001
1.4366760000000003
0.5773410000000005
1.3111700000000006
0.4397500000000001
1.4366760000000003
0.5773410000000005
1.3111700000000006
0.4397500000000001
1.4366760000000003
0.5773410000000005
1.3111700000000006
0.4397500000000001
1.4366760000000003
0.5773410000000005
1.3111700000000006
0.4397500000000001
1.4366760000000003
0.5773410000000005
1.3111700000000006
0.4397500000000001
1.4366760000000003
0.5773410000000005
1.3111700000000006
0.4397500000000001
1.4366760000000003
0.5773410000000005
1.3111700000000006
0.4397500000000001
1.4366760000000003
0.5773410000000005
1.3111700000000006
0.4397500000000001
1.4366760000000003
0.5773410000000005
1.3111700000000006
0.4397500000000001
1.4366760000000003
0.5773410000000005
1.3111700000000006
0.4397500000000001
1.4366760000000003
0.5773410000000005
1.3111700000000006
0.4397500000000001
1.4366760000000003
-0.8182
-1.106942
-1.1497330000000003
-0.690061
-0.8182
-1.106942
-1.1497330000000003
-0.690061
-0.8182
-1.106942
-1.1497330000000003
-0.690061
-0.8182
-1.106942
-1.1497330000000003
-0.690061
-0.8182
-1.106942
-1.1497330000000003
-0.690061
-0.8182
-1.106942
-1.1497330000000003
-0.690061
-0.8182
-1.106942
-1.1497330000000003
-0.690061
-0.8182
-1.106942
-1.1497330000000003
-0.690061
-0.8182
-1.106942
-1.1497330000000003
-0.690061
-0.8182
-1.106942
-1.1497330000000003
-0.690061
-0.8182
-1.106942
-1.1497330000000003
-0.690061
-0.8182
-1.106942
-1.1497330000000003
-0.690061
-0.8182
-1.106942
-1.1497330000000003
-0.690061
-0.8182
-1.106942
-1.1497330000000003
-0.690061
-0.8182
-1.106942
-1.1497330000000003
-0.690061
-0.8182
-1.106942
-1.1497330000000003
-0.690061
-0.8182
-1.106942
-1.1497330000000003
-0.690061
-0.8182
-1.106942
-1.1497330000000003
-0.690061
-0.8182
-1.106942
-1.1497330000000003
-0.690061
-0.8182
-1.106942
-1.1497330000000003
-0.690061
-0.8182
-1.106942
-1.1497330000000003
-0.690061
-0.8182
-1.106942
-1.1497330000000003
-0.690061
-0.8182
-1.106942
-1.1497330000000003
-0.690061
-0.8182
-1.106942
-1.1497330000000003
-0.690061
-0.8182
-1.106942
-1.1497330000000003
-0.690061
-0.8182
-1.106942
-1.1497330000000003
-0.690061
-0.8182
-1.106942
-1.1497330000000003
-0.690061
