1.116536
1.0314650000000007
0.7593809999999994
1.3595279999999992
1.116536
1.0314650000000007
0.7593809999999994
1.3595279999999992
1.116536
1.0314650000000007
0.7593809999999994
1.3595279999999992
1.116536
1.0314650000000007
0.7593809999999994
1.3595279999999992
1.116536
1.0314650000000007
0.7593809999999994
1.3595279999999992
1.116536
1.0314650000000007
0.7593809999999994
1.3595279999999992
1.116536
1.0314650000000007
0.7593809999999994
1.3595279999999992
1.116536
1.0314650000000007
0.7593809999999994
1.3595279999999992
1.116536
1.0314650000000007
0.7593809999999994
1.3595279999999992
1.116536
1.0314650000000007
0.7593809999999994
1.3595279999999992
1.116536
1.0314650000000007
0.7593809999999994
1.3595279999999992
1.116536
1.0314650000000007
0.7593809999999994
1.3595279999999992
1.116536
1.0314650000000007
0.7593809999999994
1.3595279999999992
1.116536
1.0314650000000007
0.7593809999999994
1.3595279999999992
1.116536
1.0314650000000007
0.7593809999999994
1.3595279999999992
1.116536
1.0314650000000007
0.7593809999999994
1.3595279999999992
1.116536
1.0314650000000007
0.7593809999999994
1.3595279999999992
1.116536
1.0314650000000007
0.7593809999999994
1.3595279999999992
1.116536
1.0314650000000007
0.7593809999999994
1.3595279999999992
1.116536
1.0314650000000007
0.7593809999999994
1.3595279999999992
1.116536
1.0314650000000007
0.7593809999999994
1.3595279999999992
1.116536
1.0314650000000007
0.7593809999999994
1.3595279999999992
1.116536
1.0314650000000007
0.7593809999999994
1.3595279999999992
1.116536
1.0314650000000007
0.7593809999999994
1.3595279999999992
1.116536
1.0314650000000007
0.7593809999999994
1.3595279999999992
1.116536
1.0314650000000007
0.7593809999999994
1.3595279999999992
1.116536
1.0314650000000007
0.7593809999999994
1.3595279999999992
-1.070246
-1.0182159999999998
-1.1316379999999997
-1.0468130000000002
-1.070246
-1.0182159999999998
-1.1316379999999997
-1.0468130000000002
-1.070246
-1.0182159999999998
-1.1316379999999997
-1.0468130000000002
-1.070246
-1.0182159999999998
-1.1316379999999997
-1.0468130000000002
-1.070246
-1.0182159999999998
-1.1316379999999997
-1.0468130000000002
-1.070246
-1.0182159999999998
-1.1316379999999997
-1.0468130000000002
-1.070246
-1.0182159999999998
-1.1316379999999997
-1.0468130000000002
-1.070246
-1.0182159999999998
-1.1316379999999997
-1.0468130000000002
-1.070246
-1.0182159999999998
-1.1316379999999997
-1.0468130000000002
-1.070246
-1.0182159999999998
-1.1316379999999997
-1.0468130000000002
-1.070246
-1.0182159999999998
-1.1316379999999997
-1.0468130000000002
-1.070246
-1.0182159999999998
-1.1316379999999997
-1.0468130000000002
-1.070246
-1.0182159999999998
-1.1316379999999997
-1.0468130000000002
-1.070246
-1.0182159999999998
-1.1316379999999997
-1.0468130000000002
-1.070246
-1.0182159999999998
-1.1316379999999997
-1.0468130000000002
-1.070246
-1.0182159999999998
-1.1316379999999997
-1.0468130000000002
-1.070246
-1.0182159999999998
-1.1316379999999997
-1.0468130000000002
-1.070246
-1.0182159999999998
-1.1316379999999997
-1.0468130000000002
-1.070246
-1.0182159999999998
-1.1316379999999997
-1.0468130000000002
-1.070246
-1.0182159999999998
-1.1316379999999997
-1.0468130000000002
-1.070246
-1.0182159999999998
-1.1316379999999997
-1.0468130000000002
-1.070246
-1.0182159999999998
-1.1316379999999997
-1.0468130000000002
-1.070246
-1.0182159999999998
-1.1316379999999997
-1.0468130000000002
-1.070246
-1.0182159999999998
-1.1316379999999997
-1.0468130000000002
-1.070246
-1.0182159999999998
-1.1316379999999997
-1.0468130000000002
-1.070246
-1.0182159999999998
-1.1316379999999997
-1.0468130000000002
-1.070246
-1.0182159999999998
-1.1316379999999997
-1.0468130000000002
