1.4929559999999995
1.4929559999999995
1.4929559999999995
1.4929559999999995
1.4929559999999995
1.4929559999999995
1.4929559999999995
1.4929559999999995
1.4929559999999995
1.4929559999999995
1.4929559999999995
1.4929559999999995
1.4929559999999995
1.4929559999999995
1.4929559999999995
1.4929559999999995
1.4929559999999995
1.4929559999999995
1.4929559999999995
1.4929559999999995
1.4929559999999995
1.4929559999999995
1.4929559999999995
1.4929559999999995
1.4929559999999995
1.4929559999999995
1.4929559999999995
1.4929559999999995
1.4929559999999995
1.4929559999999995
1.4929559999999995
1.4929559999999995
1.4929559999999995
1.4929559999999995
1.4929559999999995
1.4929559999999995
-1.4929579999999998
-1.4929579999999998
-1.4929579999999998
-1.4929579999999998
-1.4929579999999998
-1.4929579999999998
-1.4929579999999998
-1.4929579999999998
-1.4929579999999998
-1.4929579999999998
-1.4929579999999998
-1.4929579999999998
-1.4929579999999998
-1.4929579999999998
-1.4929579999999998
-1.4929579999999998
-1.4929579999999998
-1.4929579999999998
-1.4929579999999998
-1.4929579999999998
-1.4929579999999998
-1.4929579999999998
-1.4929579999999998
-1.4929579999999998
-1.4929579999999998
-1.4929579999999998
-1.4929579999999998
-1.4929579999999998
-1.4929579999999998
-1.4929579999999998
-1.4929579999999998
-1.4929579999999998
-1.4929579999999998
-1.4929579999999998
-1.4929579999999998
-1.4929579999999998
