0.9823540000000008
1.0951839999999997
0.9898869999999995
0.4081709999999994
0.9823540000000008
1.0951839999999997
0.9898869999999995
0.4081709999999994
0.9823540000000008
1.0951839999999997
0.9898869999999995
0.4081709999999994
0.9823540000000008
1.0951839999999997
0.9898869999999995
0.4081709999999994
0.9823540000000008
1.0951839999999997
0.9898869999999995
0.4081709999999994
0.9823540000000008
1.0951839999999997
0.9898869999999995
0.4081709999999994
0.9823540000000008
1.0951839999999997
0.9898869999999995
0.4081709999999994
0.9823540000000008
1.0951839999999997
0.9898869999999995
0.4081709999999994
0.9823540000000008
1.0951839999999997
0.9898869999999995
0.4081709999999994
0.9823540000000008
1.0951839999999997
0.9898869999999995
0.4081709999999994
0.9823540000000008
1.0951839999999997
0.9898869999999995
0.4081709999999994
0.9823540000000008
1.0951839999999997
0.9898869999999995
0.4081709999999994
0.9823540000000008
1.0951839999999997
0.9898869999999995
0.4081709999999994
0.9823540000000008
1.0951839999999997
0.9898869999999995
0.4081709999999994
0.9823540000000008
1.0951839999999997
0.9898869999999995
0.4081709999999994
0.9823540000000008
1.0951839999999997
0.9898869999999995
0.4081709999999994
0.9823540000000008
1.0951839999999997
0.9898869999999995
0.4081709999999994
0.9823540000000008
1.0951839999999997
0.9898869999999995
0.4081709999999994
0.9823540000000008
1.0951839999999997
0.9898869999999995
0.4081709999999994
0.9823540000000008
1.0951839999999997
0.9898869999999995
0.4081709999999994
0.9823540000000008
1.0951839999999997
0.9898869999999995
0.4081709999999994
0.9823540000000008
1.0951839999999997
0.9898869999999995
0.4081709999999994
0.9823540000000008
1.0951839999999997
0.9898869999999995
0.4081709999999994
0.9823540000000008
1.0951839999999997
0.9898869999999995
0.4081709999999994
0.9823540000000008
1.0951839999999997
0.9898869999999995
0.4081709999999994
0.9823540000000008
1.0951839999999997
0.9898869999999995
0.4081709999999994
0.9823540000000008
1.0951839999999997
0.9898869999999995
0.4081709999999994
-0.6652659999999999
-1.03817
-0.8530340000000001
-0.91913
-0.6652659999999999
-1.03817
-0.8530340000000001
-0.91913
-0.6652659999999999
-1.03817
-0.8530340000000001
-0.91913
-0.6652659999999999
-1.03817
-0.8530340000000001
-0.91913
-0.6652659999999999
-1.03817
-0.8530340000000001
-0.91913
-0.6652659999999999
-1.03817
-0.8530340000000001
-0.91913
-0.6652659999999999
-1.03817
-0.8530340000000001
-0.91913
-0.6652659999999999
-1.03817
-0.8530340000000001
-0.91913
-0.6652659999999999
-1.03817
-0.8530340000000001
-0.91913
-0.6652659999999999
-1.03817
-0.8530340000000001
-0.91913
-0.6652659999999999
-1.03817
-0.8530340000000001
-0.91913
-0.6652659999999999
-1.03817
-0.8530340000000001
-0.91913
-0.6652659999999999
-1.03817
-0.8530340000000001
-0.91913
-0.6652659999999999
-1.03817
-0.8530340000000001
-0.91913
-0.6652659999999999
-1.03817
-0.8530340000000001
-0.91913
-0.6652659999999999
-1.03817
-0.8530340000000001
-0.91913
-0.6652659999999999
-1.03817
-0.8530340000000001
-0.91913
-0.6652659999999999
-1.03817
-0.8530340000000001
-0.91913
-0.6652659999999999
-1.03817
-0.8530340000000001
-0.91913
-0.6652659999999999
-1.03817
-0.8530340000000001
-0.91913
-0.6652659999999999
-1.03817
-0.8530340000000001
-0.91913
-0.6652659999999999
-1.03817
-0.8530340000000001
-0.91913
-0.6652659999999999
-1.03817
-0.8530340000000001
-0.91913
-0.6652659999999999
-1.03817
-0.8530340000000001
-0.91913
-0.6652659999999999
-1.03817
-0.8530340000000001
-0.91913
-0.6652659999999999
-1.03817
-0.8530340000000001
-0.91913
-0.6652659999999999
-1.03817
-0.8530340000000001
-0.91913
