1.138363
1.495564
0.6340369999999993
0.7917050000000003
1.138363
1.495564
0.6340369999999993
0.7917050000000003
1.138363
1.495564
0.6340369999999993
0.7917050000000003
1.138363
1.495564
0.6340369999999993
0.7917050000000003
1.138363
1.495564
0.6340369999999993
0.7917050000000003
1.138363
1.495564
0.6340369999999993
0.7917050000000003
1.138363
1.495564
0.6340369999999993
0.7917050000000003
1.138363
1.495564
0.6340369999999993
0.7917050000000003
1.138363
1.495564
0.6340369999999993
0.7917050000000003
1.138363
1.495564
0.6340369999999993
0.7917050000000003
1.138363
1.495564
0.6340369999999993
0.7917050000000003
1.138363
1.495564
0.6340369999999993
0.7917050000000003
1.138363
1.495564
0.6340369999999993
0.7917050000000003
1.138363
1.495564
0.6340369999999993
0.7917050000000003
1.138363
1.495564
0.6340369999999993
0.7917050000000003
1.138363
1.495564
0.6340369999999993
0.7917050000000003
1.138363
1.495564
0.6340369999999993
0.7917050000000003
1.138363
1.495564
0.6340369999999993
0.7917050000000003
1.138363
1.495564
0.6340369999999993
0.7917050000000003
1.138363
1.495564
0.6340369999999993
0.7917050000000003
1.138363
1.495564
0.6340369999999993
0.7917050000000003
1.138363
1.495564
0.6340369999999993
0.7917050000000003
1.138363
1.495564
0.6340369999999993
0.7917050000000003
1.138363
1.495564
0.6340369999999993
0.7917050000000003
1.138363
1.495564
0.6340369999999993
0.7917050000000003
1.138363
1.495564
0.6340369999999993
0.7917050000000003
1.138363
1.495564
0.6340369999999993
0.7917050000000003
-1.0315380000000003
-0.9274769999999997
-1.0017459999999998
-1.0989139999999997
-1.0315380000000003
-0.9274769999999997
-1.0017459999999998
-1.0989139999999997
-1.0315380000000003
-0.9274769999999997
-1.0017459999999998
-1.0989139999999997
-1.0315380000000003
-0.9274769999999997
-1.0017459999999998
-1.0989139999999997
-1.0315380000000003
-0.9274769999999997
-1.0017459999999998
-1.0989139999999997
-1.0315380000000003
-0.9274769999999997
-1.0017459999999998
-1.0989139999999997
-1.0315380000000003
-0.9274769999999997
-1.0017459999999998
-1.0989139999999997
-1.0315380000000003
-0.9274769999999997
-1.0017459999999998
-1.0989139999999997
-1.0315380000000003
-0.9274769999999997
-1.0017459999999998
-1.0989139999999997
-1.0315380000000003
-0.9274769999999997
-1.0017459999999998
-1.0989139999999997
-1.0315380000000003
-0.9274769999999997
-1.0017459999999998
-1.0989139999999997
-1.0315380000000003
-0.9274769999999997
-1.0017459999999998
-1.0989139999999997
-1.0315380000000003
-0.9274769999999997
-1.0017459999999998
-1.0989139999999997
-1.0315380000000003
-0.9274769999999997
-1.0017459999999998
-1.0989139999999997
-1.0315380000000003
-0.9274769999999997
-1.0017459999999998
-1.0989139999999997
-1.0315380000000003
-0.9274769999999997
-1.0017459999999998
-1.0989139999999997
-1.0315380000000003
-0.9274769999999997
-1.0017459999999998
-1.0989139999999997
-1.0315380000000003
-0.9274769999999997
-1.0017459999999998
-1.0989139999999997
-1.0315380000000003
-0.9274769999999997
-1.0017459999999998
-1.0989139999999997
-1.0315380000000003
-0.9274769999999997
-1.0017459999999998
-1.0989139999999997
-1.0315380000000003
-0.9274769999999997
-1.0017459999999998
-1.0989139999999997
-1.0315380000000003
-0.9274769999999997
-1.0017459999999998
-1.0989139999999997
-1.0315380000000003
-0.9274769999999997
-1.0017459999999998
-1.0989139999999997
-1.0315380000000003
-0.9274769999999997
-1.0017459999999998
-1.0989139999999997
-1.0315380000000003
-0.9274769999999997
-1.0017459999999998
-1.0989139999999997
-1.0315380000000003
-0.9274769999999997
-1.0017459999999998
-1.0989139999999997
-1.0315380000000003
-0.9274769999999997
-1.0017459999999998
-1.0989139999999997
