1.10703
0.7457539999999998
0.4878090000000004
0.8737379999999995
1.10703
0.7457539999999998
0.4878090000000004
0.8737379999999995
1.10703
0.7457539999999998
0.4878090000000004
0.8737379999999995
1.10703
0.7457539999999998
0.4878090000000004
0.8737379999999995
1.10703
0.7457539999999998
0.4878090000000004
0.8737379999999995
1.10703
0.7457539999999998
0.4878090000000004
0.8737379999999995
1.10703
0.7457539999999998
0.4878090000000004
0.8737379999999995
1.10703
0.7457539999999998
0.4878090000000004
0.8737379999999995
1.10703
0.7457539999999998
0.4878090000000004
0.8737379999999995
1.10703
0.7457539999999998
0.4878090000000004
0.8737379999999995
1.10703
0.7457539999999998
0.4878090000000004
0.8737379999999995
1.10703
0.7457539999999998
0.4878090000000004
0.8737379999999995
1.10703
0.7457539999999998
0.4878090000000004
0.8737379999999995
1.10703
0.7457539999999998
0.4878090000000004
0.8737379999999995
1.10703
0.7457539999999998
0.4878090000000004
0.8737379999999995
1.10703
0.7457539999999998
0.4878090000000004
0.8737379999999995
1.10703
0.7457539999999998
0.4878090000000004
0.8737379999999995
1.10703
0.7457539999999998
0.4878090000000004
0.8737379999999995
1.10703
0.7457539999999998
0.4878090000000004
0.8737379999999995
1.10703
0.7457539999999998
0.4878090000000004
0.8737379999999995
1.10703
0.7457539999999998
0.4878090000000004
0.8737379999999995
1.10703
0.7457539999999998
0.4878090000000004
0.8737379999999995
1.10703
0.7457539999999998
0.4878090000000004
0.8737379999999995
1.10703
0.7457539999999998
0.4878090000000004
0.8737379999999995
1.10703
0.7457539999999998
0.4878090000000004
0.8737379999999995
1.10703
0.7457539999999998
0.4878090000000004
0.8737379999999995
1.10703
0.7457539999999998
0.4878090000000004
0.8737379999999995
-1.1336149999999998
-0.5026950000000001
-0.6269629999999999
-0.9510560000000003
-1.1336149999999998
-0.5026950000000001
-0.6269629999999999
-0.9510560000000003
-1.1336149999999998
-0.5026950000000001
-0.6269629999999999
-0.9510560000000003
-1.1336149999999998
-0.5026950000000001
-0.6269629999999999
-0.9510560000000003
-1.1336149999999998
-0.5026950000000001
-0.6269629999999999
-0.9510560000000003
-1.1336149999999998
-0.5026950000000001
-0.6269629999999999
-0.9510560000000003
-1.1336149999999998
-0.5026950000000001
-0.6269629999999999
-0.9510560000000003
-1.1336149999999998
-0.5026950000000001
-0.6269629999999999
-0.9510560000000003
-1.1336149999999998
-0.5026950000000001
-0.6269629999999999
-0.9510560000000003
-1.1336149999999998
-0.5026950000000001
-0.6269629999999999
-0.9510560000000003
-1.1336149999999998
-0.5026950000000001
-0.6269629999999999
-0.9510560000000003
-1.1336149999999998
-0.5026950000000001
-0.6269629999999999
-0.9510560000000003
-1.1336149999999998
-0.5026950000000001
-0.6269629999999999
-0.9510560000000003
-1.1336149999999998
-0.5026950000000001
-0.6269629999999999
-0.9510560000000003
-1.1336149999999998
-0.5026950000000001
-0.6269629999999999
-0.9510560000000003
-1.1336149999999998
-0.5026950000000001
-0.6269629999999999
-0.9510560000000003
-1.1336149999999998
-0.5026950000000001
-0.6269629999999999
-0.9510560000000003
-1.1336149999999998
-0.5026950000000001
-0.6269629999999999
-0.9510560000000003
-1.1336149999999998
-0.5026950000000001
-0.6269629999999999
-0.9510560000000003
-1.1336149999999998
-0.5026950000000001
-0.6269629999999999
-0.9510560000000003
-1.1336149999999998
-0.5026950000000001
-0.6269629999999999
-0.9510560000000003
-1.1336149999999998
-0.5026950000000001
-0.6269629999999999
-0.9510560000000003
-1.1336149999999998
-0.5026950000000001
-0.6269629999999999
-0.9510560000000003
-1.1336149999999998
-0.5026950000000001
-0.6269629999999999
-0.9510560000000003
-1.1336149999999998
-0.5026950000000001
-0.6269629999999999
-0.9510560000000003
-1.1336149999999998
-0.5026950000000001
-0.6269629999999999
-0.9510560000000003
-1.1336149999999998
-0.5026950000000001
-0.6269629999999999
-0.9510560000000003
