1.156402
1.0077440000000006
1.2175460000000005
1.1487479999999994
1.156402
1.0077440000000006
1.2175460000000005
1.1487479999999994
1.156402
1.0077440000000006
1.2175460000000005
1.1487479999999994
1.156402
1.0077440000000006
1.2175460000000005
1.1487479999999994
1.156402
1.0077440000000006
1.2175460000000005
1.1487479999999994
1.156402
1.0077440000000006
1.2175460000000005
1.1487479999999994
1.156402
1.0077440000000006
1.2175460000000005
1.1487479999999994
1.156402
1.0077440000000006
1.2175460000000005
1.1487479999999994
1.156402
1.0077440000000006
1.2175460000000005
1.1487479999999994
1.156402
1.0077440000000006
1.2175460000000005
1.1487479999999994
1.156402
1.0077440000000006
1.2175460000000005
1.1487479999999994
1.156402
1.0077440000000006
1.2175460000000005
1.1487479999999994
1.156402
1.0077440000000006
1.2175460000000005
1.1487479999999994
1.156402
1.0077440000000006
1.2175460000000005
1.1487479999999994
1.156402
1.0077440000000006
1.2175460000000005
1.1487479999999994
1.156402
1.0077440000000006
1.2175460000000005
1.1487479999999994
1.156402
1.0077440000000006
1.2175460000000005
1.1487479999999994
1.156402
1.0077440000000006
1.2175460000000005
1.1487479999999994
1.156402
1.0077440000000006
1.2175460000000005
1.1487479999999994
1.156402
1.0077440000000006
1.2175460000000005
1.1487479999999994
1.156402
1.0077440000000006
1.2175460000000005
1.1487479999999994
1.156402
1.0077440000000006
1.2175460000000005
1.1487479999999994
1.156402
1.0077440000000006
1.2175460000000005
1.1487479999999994
1.156402
1.0077440000000006
1.2175460000000005
1.1487479999999994
1.156402
1.0077440000000006
1.2175460000000005
1.1487479999999994
1.156402
1.0077440000000006
1.2175460000000005
1.1487479999999994
1.156402
1.0077440000000006
1.2175460000000005
1.1487479999999994
-1.096418
-1.1373350000000002
-1.1551470000000004
-1.14154
-1.096418
-1.1373350000000002
-1.1551470000000004
-1.14154
-1.096418
-1.1373350000000002
-1.1551470000000004
-1.14154
-1.096418
-1.1373350000000002
-1.1551470000000004
-1.14154
-1.096418
-1.1373350000000002
-1.1551470000000004
-1.14154
-1.096418
-1.1373350000000002
-1.1551470000000004
-1.14154
-1.096418
-1.1373350000000002
-1.1551470000000004
-1.14154
-1.096418
-1.1373350000000002
-1.1551470000000004
-1.14154
-1.096418
-1.1373350000000002
-1.1551470000000004
-1.14154
-1.096418
-1.1373350000000002
-1.1551470000000004
-1.14154
-1.096418
-1.1373350000000002
-1.1551470000000004
-1.14154
-1.096418
-1.1373350000000002
-1.1551470000000004
-1.14154
-1.096418
-1.1373350000000002
-1.1551470000000004
-1.14154
-1.096418
-1.1373350000000002
-1.1551470000000004
-1.14154
-1.096418
-1.1373350000000002
-1.1551470000000004
-1.14154
-1.096418
-1.1373350000000002
-1.1551470000000004
-1.14154
-1.096418
-1.1373350000000002
-1.1551470000000004
-1.14154
-1.096418
-1.1373350000000002
-1.1551470000000004
-1.14154
-1.096418
-1.1373350000000002
-1.1551470000000004
-1.14154
-1.096418
-1.1373350000000002
-1.1551470000000004
-1.14154
-1.096418
-1.1373350000000002
-1.1551470000000004
-1.14154
-1.096418
-1.1373350000000002
-1.1551470000000004
-1.14154
-1.096418
-1.1373350000000002
-1.1551470000000004
-1.14154
-1.096418
-1.1373350000000002
-1.1551470000000004
-1.14154
-1.096418
-1.1373350000000002
-1.1551470000000004
-1.14154
-1.096418
-1.1373350000000002
-1.1551470000000004
-1.14154
-1.096418
-1.1373350000000002
-1.1551470000000004
-1.14154
