1.227302
1.227302
1.227302
1.227302
1.227302
1.227302
1.227302
1.227302
1.227302
1.227302
1.227302
1.227302
1.227302
1.227302
1.227302
1.227302
1.227302
1.227302
1.227302
1.227302
1.227302
1.227302
1.227302
1.227302
1.227302
1.227302
1.227302
1.227302
1.227302
1.227302
1.227302
1.227302
-1.2272999999999996
-1.2272999999999996
-1.2272999999999996
-1.2272999999999996
-1.2272999999999996
-1.2272999999999996
-1.2272999999999996
-1.2272999999999996
-1.2272999999999996
-1.2272999999999996
-1.2272999999999996
-1.2272999999999996
-1.2272999999999996
-1.2272999999999996
-1.2272999999999996
-1.2272999999999996
-1.2272999999999996
-1.2272999999999996
-1.2272999999999996
-1.2272999999999996
-1.2272999999999996
-1.2272999999999996
-1.2272999999999996
-1.2272999999999996
-1.2272999999999996
-1.2272999999999996
-1.2272999999999996
-1.2272999999999996
-1.2272999999999996
-1.2272999999999996
-1.2272999999999996
-1.2272999999999996
