1.1244390000000006
1.1244390000000006
1.1244390000000006
1.1244390000000006
1.1244390000000006
1.1244390000000006
1.1244390000000006
1.1244390000000006
1.1244390000000006
1.1244390000000006
1.1244390000000006
1.1244390000000006
1.1244390000000006
1.1244390000000006
1.1244390000000006
1.1244390000000006
1.1244390000000006
1.1244390000000006
1.1244390000000006
1.1244390000000006
1.1244390000000006
1.1244390000000006
1.1244390000000006
1.1244390000000006
1.1244390000000006
1.1244390000000006
1.1244390000000006
1.1244390000000006
1.1244390000000006
1.1244390000000006
1.1244390000000006
1.1244390000000006
-1.1244399999999999
-1.1244399999999999
-1.1244399999999999
-1.1244399999999999
-1.1244399999999999
-1.1244399999999999
-1.1244399999999999
-1.1244399999999999
-1.1244399999999999
-1.1244399999999999
-1.1244399999999999
-1.1244399999999999
-1.1244399999999999
-1.1244399999999999
-1.1244399999999999
-1.1244399999999999
-1.1244399999999999
-1.1244399999999999
-1.1244399999999999
-1.1244399999999999
-1.1244399999999999
-1.1244399999999999
-1.1244399999999999
-1.1244399999999999
-1.1244399999999999
-1.1244399999999999
-1.1244399999999999
-1.1244399999999999
-1.1244399999999999
-1.1244399999999999
-1.1244399999999999
-1.1244399999999999
