1.5390139999999999
0.8083209999999994
0.37093699999999963
1.3026129999999991
1.5390139999999999
0.8083209999999994
0.37093699999999963
1.3026129999999991
1.5390139999999999
0.8083209999999994
0.37093699999999963
1.3026129999999991
1.5390139999999999
0.8083209999999994
0.37093699999999963
1.3026129999999991
1.5390139999999999
0.8083209999999994
0.37093699999999963
1.3026129999999991
1.5390139999999999
0.8083209999999994
0.37093699999999963
1.3026129999999991
1.5390139999999999
0.8083209999999994
0.37093699999999963
1.3026129999999991
1.5390139999999999
0.8083209999999994
0.37093699999999963
1.3026129999999991
1.5390139999999999
0.8083209999999994
0.37093699999999963
1.3026129999999991
1.5390139999999999
0.8083209999999994
0.37093699999999963
1.3026129999999991
1.5390139999999999
0.8083209999999994
0.37093699999999963
1.3026129999999991
1.5390139999999999
0.8083209999999994
0.37093699999999963
1.3026129999999991
1.5390139999999999
0.8083209999999994
0.37093699999999963
1.3026129999999991
1.5390139999999999
0.8083209999999994
0.37093699999999963
1.3026129999999991
1.5390139999999999
0.8083209999999994
0.37093699999999963
1.3026129999999991
1.5390139999999999
0.8083209999999994
0.37093699999999963
1.3026129999999991
1.5390139999999999
0.8083209999999994
0.37093699999999963
1.3026129999999991
1.5390139999999999
0.8083209999999994
0.37093699999999963
1.3026129999999991
1.5390139999999999
0.8083209999999994
0.37093699999999963
1.3026129999999991
1.5390139999999999
0.8083209999999994
0.37093699999999963
1.3026129999999991
1.5390139999999999
0.8083209999999994
0.37093699999999963
1.3026129999999991
1.5390139999999999
0.8083209999999994
0.37093699999999963
1.3026129999999991
1.5390139999999999
0.8083209999999994
0.37093699999999963
1.3026129999999991
1.5390139999999999
0.8083209999999994
0.37093699999999963
1.3026129999999991
1.5390139999999999
0.8083209999999994
0.37093699999999963
1.3026129999999991
1.5390139999999999
0.8083209999999994
0.37093699999999963
1.3026129999999991
1.5390139999999999
0.8083209999999994
0.37093699999999963
1.3026129999999991
-1.1011579999999999
-0.9688150000000002
-0.7269259999999997
-1.2239890000000004
-1.1011579999999999
-0.9688150000000002
-0.7269259999999997
-1.2239890000000004
-1.1011579999999999
-0.9688150000000002
-0.7269259999999997
-1.2239890000000004
-1.1011579999999999
-0.9688150000000002
-0.7269259999999997
-1.2239890000000004
-1.1011579999999999
-0.9688150000000002
-0.7269259999999997
-1.2239890000000004
-1.1011579999999999
-0.9688150000000002
-0.7269259999999997
-1.2239890000000004
-1.1011579999999999
-0.9688150000000002
-0.7269259999999997
-1.2239890000000004
-1.1011579999999999
-0.9688150000000002
-0.7269259999999997
-1.2239890000000004
-1.1011579999999999
-0.9688150000000002
-0.7269259999999997
-1.2239890000000004
-1.1011579999999999
-0.9688150000000002
-0.7269259999999997
-1.2239890000000004
-1.1011579999999999
-0.9688150000000002
-0.7269259999999997
-1.2239890000000004
-1.1011579999999999
-0.9688150000000002
-0.7269259999999997
-1.2239890000000004
-1.1011579999999999
-0.9688150000000002
-0.7269259999999997
-1.2239890000000004
-1.1011579999999999
-0.9688150000000002
-0.7269259999999997
-1.2239890000000004
-1.1011579999999999
-0.9688150000000002
-0.7269259999999997
-1.2239890000000004
-1.1011579999999999
-0.9688150000000002
-0.7269259999999997
-1.2239890000000004
-1.1011579999999999
-0.9688150000000002
-0.7269259999999997
-1.2239890000000004
-1.1011579999999999
-0.9688150000000002
-0.7269259999999997
-1.2239890000000004
-1.1011579999999999
-0.9688150000000002
-0.7269259999999997
-1.2239890000000004
-1.1011579999999999
-0.9688150000000002
-0.7269259999999997
-1.2239890000000004
-1.1011579999999999
-0.9688150000000002
-0.7269259999999997
-1.2239890000000004
-1.1011579999999999
-0.9688150000000002
-0.7269259999999997
-1.2239890000000004
-1.1011579999999999
-0.9688150000000002
-0.7269259999999997
-1.2239890000000004
-1.1011579999999999
-0.9688150000000002
-0.7269259999999997
-1.2239890000000004
-1.1011579999999999
-0.9688150000000002
-0.7269259999999997
-1.2239890000000004
-1.1011579999999999
-0.9688150000000002
-0.7269259999999997
-1.2239890000000004
-1.1011579999999999
-0.9688150000000002
-0.7269259999999997
-1.2239890000000004
