1.0790679999999995
1.0790679999999995
1.0790679999999995
1.0790679999999995
1.0790679999999995
1.0790679999999995
1.0790679999999995
1.0790679999999995
1.0790679999999995
1.0790679999999995
1.0790679999999995
1.0790679999999995
1.0790679999999995
1.0790679999999995
1.0790679999999995
1.0790679999999995
1.0790679999999995
1.0790679999999995
1.0790679999999995
1.0790679999999995
1.0790679999999995
1.0790679999999995
1.0790679999999995
1.0790679999999995
1.0790679999999995
1.0790679999999995
1.0790679999999995
1.0790679999999995
1.0790679999999995
1.0790679999999995
1.0790679999999995
1.0790679999999995
-1.0790670000000002
-1.0790670000000002
-1.0790670000000002
-1.0790670000000002
-1.0790670000000002
-1.0790670000000002
-1.0790670000000002
-1.0790670000000002
-1.0790670000000002
-1.0790670000000002
-1.0790670000000002
-1.0790670000000002
-1.0790670000000002
-1.0790670000000002
-1.0790670000000002
-1.0790670000000002
-1.0790670000000002
-1.0790670000000002
-1.0790670000000002
-1.0790670000000002
-1.0790670000000002
-1.0790670000000002
-1.0790670000000002
-1.0790670000000002
-1.0790670000000002
-1.0790670000000002
-1.0790670000000002
-1.0790670000000002
-1.0790670000000002
-1.0790670000000002
-1.0790670000000002
-1.0790670000000002
