0.6929759999999998
0.6929759999999998
0.6929759999999998
0.6929759999999998
0.6929759999999998
0.6929759999999998
0.6929759999999998
0.6929759999999998
0.6929759999999998
0.6929759999999998
0.6929759999999998
0.6929759999999998
0.6929759999999998
0.6929759999999998
0.6929759999999998
0.6929759999999998
0.6929759999999998
0.6929759999999998
0.6929759999999998
0.6929759999999998
0.6929759999999998
0.6929759999999998
0.6929759999999998
0.6929759999999998
0.6929759999999998
0.6929759999999998
0.6929759999999998
0.6929759999999998
0.6929759999999998
0.6929759999999998
0.6929759999999998
0.6929759999999998
-0.6929749999999997
-0.6929749999999997
-0.6929749999999997
-0.6929749999999997
-0.6929749999999997
-0.6929749999999997
-0.6929749999999997
-0.6929749999999997
-0.6929749999999997
-0.6929749999999997
-0.6929749999999997
-0.6929749999999997
-0.6929749999999997
-0.6929749999999997
-0.6929749999999997
-0.6929749999999997
-0.6929749999999997
-0.6929749999999997
-0.6929749999999997
-0.6929749999999997
-0.6929749999999997
-0.6929749999999997
-0.6929749999999997
-0.6929749999999997
-0.6929749999999997
-0.6929749999999997
-0.6929749999999997
-0.6929749999999997
-0.6929749999999997
-0.6929749999999997
-0.6929749999999997
-0.6929749999999997
