1.0118559999999999
1.0118559999999999
1.0118559999999999
1.0118559999999999
1.0118559999999999
1.0118559999999999
1.0118559999999999
1.0118559999999999
1.0118559999999999
1.0118559999999999
1.0118559999999999
1.0118559999999999
1.0118559999999999
1.0118559999999999
1.0118559999999999
1.0118559999999999
1.0118559999999999
1.0118559999999999
1.0118559999999999
1.0118559999999999
1.0118559999999999
1.0118559999999999
1.0118559999999999
1.0118559999999999
1.0118559999999999
1.0118559999999999
1.0118559999999999
1.0118559999999999
1.0118559999999999
1.0118559999999999
1.0118559999999999
1.0118559999999999
-1.0118549999999997
-1.0118549999999997
-1.0118549999999997
-1.0118549999999997
-1.0118549999999997
-1.0118549999999997
-1.0118549999999997
-1.0118549999999997
-1.0118549999999997
-1.0118549999999997
-1.0118549999999997
-1.0118549999999997
-1.0118549999999997
-1.0118549999999997
-1.0118549999999997
-1.0118549999999997
-1.0118549999999997
-1.0118549999999997
-1.0118549999999997
-1.0118549999999997
-1.0118549999999997
-1.0118549999999997
-1.0118549999999997
-1.0118549999999997
-1.0118549999999997
-1.0118549999999997
-1.0118549999999997
-1.0118549999999997
-1.0118549999999997
-1.0118549999999997
-1.0118549999999997
-1.0118549999999997
