0.764704
0.746848
0.5902209999999997
0.5028830000000006
0.764704
0.746848
0.5902209999999997
0.5028830000000006
0.764704
0.746848
0.5902209999999997
0.5028830000000006
0.764704
0.746848
0.5902209999999997
0.5028830000000006
0.764704
0.746848
0.5902209999999997
0.5028830000000006
0.764704
0.746848
0.5902209999999997
0.5028830000000006
0.764704
0.746848
0.5902209999999997
0.5028830000000006
0.764704
0.746848
0.5902209999999997
0.5028830000000006
0.764704
0.746848
0.5902209999999997
0.5028830000000006
0.764704
0.746848
0.5902209999999997
0.5028830000000006
0.764704
0.746848
0.5902209999999997
0.5028830000000006
0.764704
0.746848
0.5902209999999997
0.5028830000000006
0.764704
0.746848
0.5902209999999997
0.5028830000000006
0.764704
0.746848
0.5902209999999997
0.5028830000000006
0.764704
0.746848
0.5902209999999997
0.5028830000000006
0.764704
0.746848
0.5902209999999997
0.5028830000000006
0.764704
0.746848
0.5902209999999997
0.5028830000000006
0.764704
0.746848
0.5902209999999997
0.5028830000000006
0.764704
0.746848
0.5902209999999997
0.5028830000000006
0.764704
0.746848
0.5902209999999997
0.5028830000000006
0.764704
0.746848
0.5902209999999997
0.5028830000000006
0.764704
0.746848
0.5902209999999997
0.5028830000000006
0.764704
0.746848
0.5902209999999997
0.5028830000000006
0.764704
0.746848
0.5902209999999997
0.5028830000000006
0.764704
0.746848
0.5902209999999997
0.5028830000000006
0.764704
0.746848
0.5902209999999997
0.5028830000000006
0.764704
0.746848
0.5902209999999997
0.5028830000000006
-0.3629439999999997
-1.0791510000000004
-0.6074089999999996
-0.5551500000000003
-0.3629439999999997
-1.0791510000000004
-0.6074089999999996
-0.5551500000000003
-0.3629439999999997
-1.0791510000000004
-0.6074089999999996
-0.5551500000000003
-0.3629439999999997
-1.0791510000000004
-0.6074089999999996
-0.5551500000000003
-0.3629439999999997
-1.0791510000000004
-0.6074089999999996
-0.5551500000000003
-0.3629439999999997
-1.0791510000000004
-0.6074089999999996
-0.5551500000000003
-0.3629439999999997
-1.0791510000000004
-0.6074089999999996
-0.5551500000000003
-0.3629439999999997
-1.0791510000000004
-0.6074089999999996
-0.5551500000000003
-0.3629439999999997
-1.0791510000000004
-0.6074089999999996
-0.5551500000000003
-0.3629439999999997
-1.0791510000000004
-0.6074089999999996
-0.5551500000000003
-0.3629439999999997
-1.0791510000000004
-0.6074089999999996
-0.5551500000000003
-0.3629439999999997
-1.0791510000000004
-0.6074089999999996
-0.5551500000000003
-0.3629439999999997
-1.0791510000000004
-0.6074089999999996
-0.5551500000000003
-0.3629439999999997
-1.0791510000000004
-0.6074089999999996
-0.5551500000000003
-0.3629439999999997
-1.0791510000000004
-0.6074089999999996
-0.5551500000000003
-0.3629439999999997
-1.0791510000000004
-0.6074089999999996
-0.5551500000000003
-0.3629439999999997
-1.0791510000000004
-0.6074089999999996
-0.5551500000000003
-0.3629439999999997
-1.0791510000000004
-0.6074089999999996
-0.5551500000000003
-0.3629439999999997
-1.0791510000000004
-0.6074089999999996
-0.5551500000000003
-0.3629439999999997
-1.0791510000000004
-0.6074089999999996
-0.5551500000000003
-0.3629439999999997
-1.0791510000000004
-0.6074089999999996
-0.5551500000000003
-0.3629439999999997
-1.0791510000000004
-0.6074089999999996
-0.5551500000000003
-0.3629439999999997
-1.0791510000000004
-0.6074089999999996
-0.5551500000000003
-0.3629439999999997
-1.0791510000000004
-0.6074089999999996
-0.5551500000000003
-0.3629439999999997
-1.0791510000000004
-0.6074089999999996
-0.5551500000000003
-0.3629439999999997
-1.0791510000000004
-0.6074089999999996
-0.5551500000000003
-0.3629439999999997
-1.0791510000000004
-0.6074089999999996
-0.5551500000000003
