0.7020370000000007
0.7020370000000007
0.7020370000000007
0.7020370000000007
0.7020370000000007
0.7020370000000007
0.7020370000000007
0.7020370000000007
0.7020370000000007
0.7020370000000007
0.7020370000000007
0.7020370000000007
0.7020370000000007
0.7020370000000007
0.7020370000000007
0.7020370000000007
0.7020370000000007
0.7020370000000007
0.7020370000000007
0.7020370000000007
0.7020370000000007
0.7020370000000007
0.7020370000000007
0.7020370000000007
0.7020370000000007
0.7020370000000007
0.7020370000000007
0.7020370000000007
0.7020370000000007
0.7020370000000007
0.7020370000000007
0.7020370000000007
-0.7020369999999998
-0.7020369999999998
-0.7020369999999998
-0.7020369999999998
-0.7020369999999998
-0.7020369999999998
-0.7020369999999998
-0.7020369999999998
-0.7020369999999998
-0.7020369999999998
-0.7020369999999998
-0.7020369999999998
-0.7020369999999998
-0.7020369999999998
-0.7020369999999998
-0.7020369999999998
-0.7020369999999998
-0.7020369999999998
-0.7020369999999998
-0.7020369999999998
-0.7020369999999998
-0.7020369999999998
-0.7020369999999998
-0.7020369999999998
-0.7020369999999998
-0.7020369999999998
-0.7020369999999998
-0.7020369999999998
-0.7020369999999998
-0.7020369999999998
-0.7020369999999998
-0.7020369999999998
