1.1860529999999994
0.9521390000000007
1.2135219999999993
1.2437470000000008
1.1860529999999994
0.9521390000000007
1.2135219999999993
1.2437470000000008
1.1860529999999994
0.9521390000000007
1.2135219999999993
1.2437470000000008
1.1860529999999994
0.9521390000000007
1.2135219999999993
1.2437470000000008
1.1860529999999994
0.9521390000000007
1.2135219999999993
1.2437470000000008
1.1860529999999994
0.9521390000000007
1.2135219999999993
1.2437470000000008
1.1860529999999994
0.9521390000000007
1.2135219999999993
1.2437470000000008
1.1860529999999994
0.9521390000000007
1.2135219999999993
1.2437470000000008
1.1860529999999994
0.9521390000000007
1.2135219999999993
1.2437470000000008
1.1860529999999994
0.9521390000000007
1.2135219999999993
1.2437470000000008
1.1860529999999994
0.9521390000000007
1.2135219999999993
1.2437470000000008
1.1860529999999994
0.9521390000000007
1.2135219999999993
1.2437470000000008
1.1860529999999994
0.9521390000000007
1.2135219999999993
1.2437470000000008
1.1860529999999994
0.9521390000000007
1.2135219999999993
1.2437470000000008
1.1860529999999994
0.9521390000000007
1.2135219999999993
1.2437470000000008
1.1860529999999994
0.9521390000000007
1.2135219999999993
1.2437470000000008
1.1860529999999994
0.9521390000000007
1.2135219999999993
1.2437470000000008
1.1860529999999994
0.9521390000000007
1.2135219999999993
1.2437470000000008
1.1860529999999994
0.9521390000000007
1.2135219999999993
1.2437470000000008
1.1860529999999994
0.9521390000000007
1.2135219999999993
1.2437470000000008
1.1860529999999994
0.9521390000000007
1.2135219999999993
1.2437470000000008
1.1860529999999994
0.9521390000000007
1.2135219999999993
1.2437470000000008
1.1860529999999994
0.9521390000000007
1.2135219999999993
1.2437470000000008
1.1860529999999994
0.9521390000000007
1.2135219999999993
1.2437470000000008
1.1860529999999994
0.9521390000000007
1.2135219999999993
1.2437470000000008
1.1860529999999994
0.9521390000000007
1.2135219999999993
1.2437470000000008
1.1860529999999994
0.9521390000000007
1.2135219999999993
1.2437470000000008
-1.040045
-1.1843019999999997
-1.1830689999999997
-1.1880449999999998
-1.040045
-1.1843019999999997
-1.1830689999999997
-1.1880449999999998
-1.040045
-1.1843019999999997
-1.1830689999999997
-1.1880449999999998
-1.040045
-1.1843019999999997
-1.1830689999999997
-1.1880449999999998
-1.040045
-1.1843019999999997
-1.1830689999999997
-1.1880449999999998
-1.040045
-1.1843019999999997
-1.1830689999999997
-1.1880449999999998
-1.040045
-1.1843019999999997
-1.1830689999999997
-1.1880449999999998
-1.040045
-1.1843019999999997
-1.1830689999999997
-1.1880449999999998
-1.040045
-1.1843019999999997
-1.1830689999999997
-1.1880449999999998
-1.040045
-1.1843019999999997
-1.1830689999999997
-1.1880449999999998
-1.040045
-1.1843019999999997
-1.1830689999999997
-1.1880449999999998
-1.040045
-1.1843019999999997
-1.1830689999999997
-1.1880449999999998
-1.040045
-1.1843019999999997
-1.1830689999999997
-1.1880449999999998
-1.040045
-1.1843019999999997
-1.1830689999999997
-1.1880449999999998
-1.040045
-1.1843019999999997
-1.1830689999999997
-1.1880449999999998
-1.040045
-1.1843019999999997
-1.1830689999999997
-1.1880449999999998
-1.040045
-1.1843019999999997
-1.1830689999999997
-1.1880449999999998
-1.040045
-1.1843019999999997
-1.1830689999999997
-1.1880449999999998
-1.040045
-1.1843019999999997
-1.1830689999999997
-1.1880449999999998
-1.040045
-1.1843019999999997
-1.1830689999999997
-1.1880449999999998
-1.040045
-1.1843019999999997
-1.1830689999999997
-1.1880449999999998
-1.040045
-1.1843019999999997
-1.1830689999999997
-1.1880449999999998
-1.040045
-1.1843019999999997
-1.1830689999999997
-1.1880449999999998
-1.040045
-1.1843019999999997
-1.1830689999999997
-1.1880449999999998
-1.040045
-1.1843019999999997
-1.1830689999999997
-1.1880449999999998
-1.040045
-1.1843019999999997
-1.1830689999999997
-1.1880449999999998
-1.040045
-1.1843019999999997
-1.1830689999999997
-1.1880449999999998
