0.34787999999999997
0.5944699999999994
0.9905270000000002
1.4092140000000004
0.34787999999999997
0.5944699999999994
0.9905270000000002
1.4092140000000004
0.34787999999999997
0.5944699999999994
0.9905270000000002
1.4092140000000004
0.34787999999999997
0.5944699999999994
0.9905270000000002
1.4092140000000004
0.34787999999999997
0.5944699999999994
0.9905270000000002
1.4092140000000004
0.34787999999999997
0.5944699999999994
0.9905270000000002
1.4092140000000004
0.34787999999999997
0.5944699999999994
0.9905270000000002
1.4092140000000004
0.34787999999999997
0.5944699999999994
0.9905270000000002
1.4092140000000004
0.34787999999999997
0.5944699999999994
0.9905270000000002
1.4092140000000004
0.34787999999999997
0.5944699999999994
0.9905270000000002
1.4092140000000004
0.34787999999999997
0.5944699999999994
0.9905270000000002
1.4092140000000004
0.34787999999999997
0.5944699999999994
0.9905270000000002
1.4092140000000004
0.34787999999999997
0.5944699999999994
0.9905270000000002
1.4092140000000004
0.34787999999999997
0.5944699999999994
0.9905270000000002
1.4092140000000004
0.34787999999999997
0.5944699999999994
0.9905270000000002
1.4092140000000004
0.34787999999999997
0.5944699999999994
0.9905270000000002
1.4092140000000004
0.34787999999999997
0.5944699999999994
0.9905270000000002
1.4092140000000004
0.34787999999999997
0.5944699999999994
0.9905270000000002
1.4092140000000004
0.34787999999999997
0.5944699999999994
0.9905270000000002
1.4092140000000004
0.34787999999999997
0.5944699999999994
0.9905270000000002
1.4092140000000004
0.34787999999999997
0.5944699999999994
0.9905270000000002
1.4092140000000004
0.34787999999999997
0.5944699999999994
0.9905270000000002
1.4092140000000004
0.34787999999999997
0.5944699999999994
0.9905270000000002
1.4092140000000004
0.34787999999999997
0.5944699999999994
0.9905270000000002
1.4092140000000004
0.34787999999999997
0.5944699999999994
0.9905270000000002
1.4092140000000004
0.34787999999999997
0.5944699999999994
0.9905270000000002
1.4092140000000004
0.34787999999999997
0.5944699999999994
0.9905270000000002
1.4092140000000004
-0.5058429999999996
-0.8379390000000004
-0.9542950000000001
-1.0440120000000004
-0.5058429999999996
-0.8379390000000004
-0.9542950000000001
-1.0440120000000004
-0.5058429999999996
-0.8379390000000004
-0.9542950000000001
-1.0440120000000004
-0.5058429999999996
-0.8379390000000004
-0.9542950000000001
-1.0440120000000004
-0.5058429999999996
-0.8379390000000004
-0.9542950000000001
-1.0440120000000004
-0.5058429999999996
-0.8379390000000004
-0.9542950000000001
-1.0440120000000004
-0.5058429999999996
-0.8379390000000004
-0.9542950000000001
-1.0440120000000004
-0.5058429999999996
-0.8379390000000004
-0.9542950000000001
-1.0440120000000004
-0.5058429999999996
-0.8379390000000004
-0.9542950000000001
-1.0440120000000004
-0.5058429999999996
-0.8379390000000004
-0.9542950000000001
-1.0440120000000004
-0.5058429999999996
-0.8379390000000004
-0.9542950000000001
-1.0440120000000004
-0.5058429999999996
-0.8379390000000004
-0.9542950000000001
-1.0440120000000004
-0.5058429999999996
-0.8379390000000004
-0.9542950000000001
-1.0440120000000004
-0.5058429999999996
-0.8379390000000004
-0.9542950000000001
-1.0440120000000004
-0.5058429999999996
-0.8379390000000004
-0.9542950000000001
-1.0440120000000004
-0.5058429999999996
-0.8379390000000004
-0.9542950000000001
-1.0440120000000004
-0.5058429999999996
-0.8379390000000004
-0.9542950000000001
-1.0440120000000004
-0.5058429999999996
-0.8379390000000004
-0.9542950000000001
-1.0440120000000004
-0.5058429999999996
-0.8379390000000004
-0.9542950000000001
-1.0440120000000004
-0.5058429999999996
-0.8379390000000004
-0.9542950000000001
-1.0440120000000004
-0.5058429999999996
-0.8379390000000004
-0.9542950000000001
-1.0440120000000004
-0.5058429999999996
-0.8379390000000004
-0.9542950000000001
-1.0440120000000004
-0.5058429999999996
-0.8379390000000004
-0.9542950000000001
-1.0440120000000004
-0.5058429999999996
-0.8379390000000004
-0.9542950000000001
-1.0440120000000004
-0.5058429999999996
-0.8379390000000004
-0.9542950000000001
-1.0440120000000004
-0.5058429999999996
-0.8379390000000004
-0.9542950000000001
-1.0440120000000004
-0.5058429999999996
-0.8379390000000004
-0.9542950000000001
-1.0440120000000004
