1.2954150000000002
0.8690270000000009
1.0161800000000003
0.8335030000000003
1.2954150000000002
0.8690270000000009
1.0161800000000003
0.8335030000000003
1.2954150000000002
0.8690270000000009
1.0161800000000003
0.8335030000000003
1.2954150000000002
0.8690270000000009
1.0161800000000003
0.8335030000000003
1.2954150000000002
0.8690270000000009
1.0161800000000003
0.8335030000000003
1.2954150000000002
0.8690270000000009
1.0161800000000003
0.8335030000000003
1.2954150000000002
0.8690270000000009
1.0161800000000003
0.8335030000000003
1.2954150000000002
0.8690270000000009
1.0161800000000003
0.8335030000000003
1.2954150000000002
0.8690270000000009
1.0161800000000003
0.8335030000000003
1.2954150000000002
0.8690270000000009
1.0161800000000003
0.8335030000000003
1.2954150000000002
0.8690270000000009
1.0161800000000003
0.8335030000000003
1.2954150000000002
0.8690270000000009
1.0161800000000003
0.8335030000000003
1.2954150000000002
0.8690270000000009
1.0161800000000003
0.8335030000000003
1.2954150000000002
0.8690270000000009
1.0161800000000003
0.8335030000000003
1.2954150000000002
0.8690270000000009
1.0161800000000003
0.8335030000000003
1.2954150000000002
0.8690270000000009
1.0161800000000003
0.8335030000000003
1.2954150000000002
0.8690270000000009
1.0161800000000003
0.8335030000000003
1.2954150000000002
0.8690270000000009
1.0161800000000003
0.8335030000000003
1.2954150000000002
0.8690270000000009
1.0161800000000003
0.8335030000000003
1.2954150000000002
0.8690270000000009
1.0161800000000003
0.8335030000000003
1.2954150000000002
0.8690270000000009
1.0161800000000003
0.8335030000000003
1.2954150000000002
0.8690270000000009
1.0161800000000003
0.8335030000000003
1.2954150000000002
0.8690270000000009
1.0161800000000003
0.8335030000000003
1.2954150000000002
0.8690270000000009
1.0161800000000003
0.8335030000000003
1.2954150000000002
0.8690270000000009
1.0161800000000003
0.8335030000000003
1.2954150000000002
0.8690270000000009
1.0161800000000003
0.8335030000000003
1.2954150000000002
0.8690270000000009
1.0161800000000003
0.8335030000000003
-1.0944859999999998
-1.2402980000000001
-0.8283009999999997
-0.8510400000000002
-1.0944859999999998
-1.2402980000000001
-0.8283009999999997
-0.8510400000000002
-1.0944859999999998
-1.2402980000000001
-0.8283009999999997
-0.8510400000000002
-1.0944859999999998
-1.2402980000000001
-0.8283009999999997
-0.8510400000000002
-1.0944859999999998
-1.2402980000000001
-0.8283009999999997
-0.8510400000000002
-1.0944859999999998
-1.2402980000000001
-0.8283009999999997
-0.8510400000000002
-1.0944859999999998
-1.2402980000000001
-0.8283009999999997
-0.8510400000000002
-1.0944859999999998
-1.2402980000000001
-0.8283009999999997
-0.8510400000000002
-1.0944859999999998
-1.2402980000000001
-0.8283009999999997
-0.8510400000000002
-1.0944859999999998
-1.2402980000000001
-0.8283009999999997
-0.8510400000000002
-1.0944859999999998
-1.2402980000000001
-0.8283009999999997
-0.8510400000000002
-1.0944859999999998
-1.2402980000000001
-0.8283009999999997
-0.8510400000000002
-1.0944859999999998
-1.2402980000000001
-0.8283009999999997
-0.8510400000000002
-1.0944859999999998
-1.2402980000000001
-0.8283009999999997
-0.8510400000000002
-1.0944859999999998
-1.2402980000000001
-0.8283009999999997
-0.8510400000000002
-1.0944859999999998
-1.2402980000000001
-0.8283009999999997
-0.8510400000000002
-1.0944859999999998
-1.2402980000000001
-0.8283009999999997
-0.8510400000000002
-1.0944859999999998
-1.2402980000000001
-0.8283009999999997
-0.8510400000000002
-1.0944859999999998
-1.2402980000000001
-0.8283009999999997
-0.8510400000000002
-1.0944859999999998
-1.2402980000000001
-0.8283009999999997
-0.8510400000000002
-1.0944859999999998
-1.2402980000000001
-0.8283009999999997
-0.8510400000000002
-1.0944859999999998
-1.2402980000000001
-0.8283009999999997
-0.8510400000000002
-1.0944859999999998
-1.2402980000000001
-0.8283009999999997
-0.8510400000000002
-1.0944859999999998
-1.2402980000000001
-0.8283009999999997
-0.8510400000000002
-1.0944859999999998
-1.2402980000000001
-0.8283009999999997
-0.8510400000000002
-1.0944859999999998
-1.2402980000000001
-0.8283009999999997
-0.8510400000000002
-1.0944859999999998
-1.2402980000000001
-0.8283009999999997
-0.8510400000000002
