1.4824350000000006
1.4824350000000006
1.4824350000000006
1.4824350000000006
1.4824350000000006
1.4824350000000006
1.4824350000000006
1.4824350000000006
1.4824350000000006
1.4824350000000006
1.4824350000000006
1.4824350000000006
1.4824350000000006
1.4824350000000006
1.4824350000000006
1.4824350000000006
1.4824350000000006
1.4824350000000006
1.4824350000000006
1.4824350000000006
1.4824350000000006
1.4824350000000006
1.4824350000000006
1.4824350000000006
1.4824350000000006
1.4824350000000006
1.4824350000000006
1.4824350000000006
1.4824350000000006
1.4824350000000006
1.4824350000000006
1.4824350000000006
1.4824350000000006
1.4824350000000006
1.4824350000000006
1.4824350000000006
1.4824350000000006
1.4824350000000006
1.4824350000000006
1.4824350000000006
1.4824350000000006
1.4824350000000006
1.4824350000000006
1.4824350000000006
1.4824350000000006
1.4824350000000006
1.4824350000000006
1.4824350000000006
1.4824350000000006
1.4824350000000006
1.4824350000000006
1.4824350000000006
1.4824350000000006
1.4824350000000006
1.4824350000000006
1.4824350000000006
1.4824350000000006
1.4824350000000006
1.4824350000000006
1.4824350000000006
1.4824350000000006
1.4824350000000006
1.4824350000000006
1.4824350000000006
1.4824350000000006
1.4824350000000006
1.4824350000000006
1.4824350000000006
1.4824350000000006
1.4824350000000006
1.4824350000000006
1.4824350000000006
-1.4824359999999999
-1.4824359999999999
-1.4824359999999999
-1.4824359999999999
-1.4824359999999999
-1.4824359999999999
-1.4824359999999999
-1.4824359999999999
-1.4824359999999999
-1.4824359999999999
-1.4824359999999999
-1.4824359999999999
-1.4824359999999999
-1.4824359999999999
-1.4824359999999999
-1.4824359999999999
-1.4824359999999999
-1.4824359999999999
-1.4824359999999999
-1.4824359999999999
-1.4824359999999999
-1.4824359999999999
-1.4824359999999999
-1.4824359999999999
-1.4824359999999999
-1.4824359999999999
-1.4824359999999999
-1.4824359999999999
-1.4824359999999999
-1.4824359999999999
-1.4824359999999999
-1.4824359999999999
-1.4824359999999999
-1.4824359999999999
-1.4824359999999999
-1.4824359999999999
-1.4824359999999999
-1.4824359999999999
-1.4824359999999999
-1.4824359999999999
-1.4824359999999999
-1.4824359999999999
-1.4824359999999999
-1.4824359999999999
-1.4824359999999999
-1.4824359999999999
-1.4824359999999999
-1.4824359999999999
-1.4824359999999999
-1.4824359999999999
-1.4824359999999999
-1.4824359999999999
-1.4824359999999999
-1.4824359999999999
-1.4824359999999999
-1.4824359999999999
-1.4824359999999999
-1.4824359999999999
-1.4824359999999999
-1.4824359999999999
-1.4824359999999999
-1.4824359999999999
-1.4824359999999999
-1.4824359999999999
-1.4824359999999999
-1.4824359999999999
-1.4824359999999999
-1.4824359999999999
-1.4824359999999999
-1.4824359999999999
-1.4824359999999999
-1.4824359999999999
