1.653352
0.3830480000000005
1.1859110000000008
0.5033729999999998
1.653352
0.3830480000000005
1.1859110000000008
0.5033729999999998
1.653352
0.3830480000000005
1.1859110000000008
0.5033729999999998
1.653352
0.3830480000000005
1.1859110000000008
0.5033729999999998
1.653352
0.3830480000000005
1.1859110000000008
0.5033729999999998
1.653352
0.3830480000000005
1.1859110000000008
0.5033729999999998
1.653352
0.3830480000000005
1.1859110000000008
0.5033729999999998
1.653352
0.3830480000000005
1.1859110000000008
0.5033729999999998
1.653352
0.3830480000000005
1.1859110000000008
0.5033729999999998
1.653352
0.3830480000000005
1.1859110000000008
0.5033729999999998
1.653352
0.3830480000000005
1.1859110000000008
0.5033729999999998
1.653352
0.3830480000000005
1.1859110000000008
0.5033729999999998
1.653352
0.3830480000000005
1.1859110000000008
0.5033729999999998
1.653352
0.3830480000000005
1.1859110000000008
0.5033729999999998
1.653352
0.3830480000000005
1.1859110000000008
0.5033729999999998
1.653352
0.3830480000000005
1.1859110000000008
0.5033729999999998
1.653352
0.3830480000000005
1.1859110000000008
0.5033729999999998
1.653352
0.3830480000000005
1.1859110000000008
0.5033729999999998
1.653352
0.3830480000000005
1.1859110000000008
0.5033729999999998
1.653352
0.3830480000000005
1.1859110000000008
0.5033729999999998
1.653352
0.3830480000000005
1.1859110000000008
0.5033729999999998
1.653352
0.3830480000000005
1.1859110000000008
0.5033729999999998
1.653352
0.3830480000000005
1.1859110000000008
0.5033729999999998
1.653352
0.3830480000000005
1.1859110000000008
0.5033729999999998
1.653352
0.3830480000000005
1.1859110000000008
0.5033729999999998
1.653352
0.3830480000000005
1.1859110000000008
0.5033729999999998
1.653352
0.3830480000000005
1.1859110000000008
0.5033729999999998
-1.170636
-0.6484759999999996
-1.2232209999999997
-0.683351
-1.170636
-0.6484759999999996
-1.2232209999999997
-0.683351
-1.170636
-0.6484759999999996
-1.2232209999999997
-0.683351
-1.170636
-0.6484759999999996
-1.2232209999999997
-0.683351
-1.170636
-0.6484759999999996
-1.2232209999999997
-0.683351
-1.170636
-0.6484759999999996
-1.2232209999999997
-0.683351
-1.170636
-0.6484759999999996
-1.2232209999999997
-0.683351
-1.170636
-0.6484759999999996
-1.2232209999999997
-0.683351
-1.170636
-0.6484759999999996
-1.2232209999999997
-0.683351
-1.170636
-0.6484759999999996
-1.2232209999999997
-0.683351
-1.170636
-0.6484759999999996
-1.2232209999999997
-0.683351
-1.170636
-0.6484759999999996
-1.2232209999999997
-0.683351
-1.170636
-0.6484759999999996
-1.2232209999999997
-0.683351
-1.170636
-0.6484759999999996
-1.2232209999999997
-0.683351
-1.170636
-0.6484759999999996
-1.2232209999999997
-0.683351
-1.170636
-0.6484759999999996
-1.2232209999999997
-0.683351
-1.170636
-0.6484759999999996
-1.2232209999999997
-0.683351
-1.170636
-0.6484759999999996
-1.2232209999999997
-0.683351
-1.170636
-0.6484759999999996
-1.2232209999999997
-0.683351
-1.170636
-0.6484759999999996
-1.2232209999999997
-0.683351
-1.170636
-0.6484759999999996
-1.2232209999999997
-0.683351
-1.170636
-0.6484759999999996
-1.2232209999999997
-0.683351
-1.170636
-0.6484759999999996
-1.2232209999999997
-0.683351
-1.170636
-0.6484759999999996
-1.2232209999999997
-0.683351
-1.170636
-0.6484759999999996
-1.2232209999999997
-0.683351
-1.170636
-0.6484759999999996
-1.2232209999999997
-0.683351
-1.170636
-0.6484759999999996
-1.2232209999999997
-0.683351
