1.341678
1.341678
1.341678
1.341678
1.341678
1.341678
1.341678
1.341678
1.341678
1.341678
1.341678
1.341678
1.341678
1.341678
1.341678
1.341678
1.341678
1.341678
1.341678
1.341678
1.341678
1.341678
1.341678
1.341678
1.341678
1.341678
1.341678
1.341678
1.341678
1.341678
1.341678
1.341678
-1.341679
-1.341679
-1.341679
-1.341679
-1.341679
-1.341679
-1.341679
-1.341679
-1.341679
-1.341679
-1.341679
-1.341679
-1.341679
-1.341679
-1.341679
-1.341679
-1.341679
-1.341679
-1.341679
-1.341679
-1.341679
-1.341679
-1.341679
-1.341679
-1.341679
-1.341679
-1.341679
-1.341679
-1.341679
-1.341679
-1.341679
-1.341679
