0.6577669999999998
0.6577669999999998
0.6577669999999998
0.6577669999999998
0.6577669999999998
0.6577669999999998
0.6577669999999998
0.6577669999999998
0.6577669999999998
0.6577669999999998
0.6577669999999998
0.6577669999999998
0.6577669999999998
0.6577669999999998
0.6577669999999998
0.6577669999999998
0.6577669999999998
0.6577669999999998
0.6577669999999998
0.6577669999999998
0.6577669999999998
0.6577669999999998
0.6577669999999998
0.6577669999999998
0.6577669999999998
0.6577669999999998
0.6577669999999998
0.6577669999999998
0.6577669999999998
0.6577669999999998
0.6577669999999998
0.6577669999999998
-0.6577659999999996
-0.6577659999999996
-0.6577659999999996
-0.6577659999999996
-0.6577659999999996
-0.6577659999999996
-0.6577659999999996
-0.6577659999999996
-0.6577659999999996
-0.6577659999999996
-0.6577659999999996
-0.6577659999999996
-0.6577659999999996
-0.6577659999999996
-0.6577659999999996
-0.6577659999999996
-0.6577659999999996
-0.6577659999999996
-0.6577659999999996
-0.6577659999999996
-0.6577659999999996
-0.6577659999999996
-0.6577659999999996
-0.6577659999999996
-0.6577659999999996
-0.6577659999999996
-0.6577659999999996
-0.6577659999999996
-0.6577659999999996
-0.6577659999999996
-0.6577659999999996
-0.6577659999999996
