0.9253680000000006
0.5132659999999998
0.3419410000000003
1.0442099999999996
0.9253680000000006
0.5132659999999998
0.3419410000000003
1.0442099999999996
0.9253680000000006
0.5132659999999998
0.3419410000000003
1.0442099999999996
0.9253680000000006
0.5132659999999998
0.3419410000000003
1.0442099999999996
0.9253680000000006
0.5132659999999998
0.3419410000000003
1.0442099999999996
0.9253680000000006
0.5132659999999998
0.3419410000000003
1.0442099999999996
0.9253680000000006
0.5132659999999998
0.3419410000000003
1.0442099999999996
0.9253680000000006
0.5132659999999998
0.3419410000000003
1.0442099999999996
0.9253680000000006
0.5132659999999998
0.3419410000000003
1.0442099999999996
0.9253680000000006
0.5132659999999998
0.3419410000000003
1.0442099999999996
0.9253680000000006
0.5132659999999998
0.3419410000000003
1.0442099999999996
0.9253680000000006
0.5132659999999998
0.3419410000000003
1.0442099999999996
0.9253680000000006
0.5132659999999998
0.3419410000000003
1.0442099999999996
0.9253680000000006
0.5132659999999998
0.3419410000000003
1.0442099999999996
0.9253680000000006
0.5132659999999998
0.3419410000000003
1.0442099999999996
0.9253680000000006
0.5132659999999998
0.3419410000000003
1.0442099999999996
0.9253680000000006
0.5132659999999998
0.3419410000000003
1.0442099999999996
0.9253680000000006
0.5132659999999998
0.3419410000000003
1.0442099999999996
0.9253680000000006
0.5132659999999998
0.3419410000000003
1.0442099999999996
0.9253680000000006
0.5132659999999998
0.3419410000000003
1.0442099999999996
0.9253680000000006
0.5132659999999998
0.3419410000000003
1.0442099999999996
0.9253680000000006
0.5132659999999998
0.3419410000000003
1.0442099999999996
0.9253680000000006
0.5132659999999998
0.3419410000000003
1.0442099999999996
0.9253680000000006
0.5132659999999998
0.3419410000000003
1.0442099999999996
0.9253680000000006
0.5132659999999998
0.3419410000000003
1.0442099999999996
0.9253680000000006
0.5132659999999998
0.3419410000000003
1.0442099999999996
0.9253680000000006
0.5132659999999998
0.3419410000000003
1.0442099999999996
-0.9819839999999997
-0.42967900000000014
-0.7134239999999998
-0.6997
-0.9819839999999997
-0.42967900000000014
-0.7134239999999998
-0.6997
-0.9819839999999997
-0.42967900000000014
-0.7134239999999998
-0.6997
-0.9819839999999997
-0.42967900000000014
-0.7134239999999998
-0.6997
-0.9819839999999997
-0.42967900000000014
-0.7134239999999998
-0.6997
-0.9819839999999997
-0.42967900000000014
-0.7134239999999998
-0.6997
-0.9819839999999997
-0.42967900000000014
-0.7134239999999998
-0.6997
-0.9819839999999997
-0.42967900000000014
-0.7134239999999998
-0.6997
-0.9819839999999997
-0.42967900000000014
-0.7134239999999998
-0.6997
-0.9819839999999997
-0.42967900000000014
-0.7134239999999998
-0.6997
-0.9819839999999997
-0.42967900000000014
-0.7134239999999998
-0.6997
-0.9819839999999997
-0.42967900000000014
-0.7134239999999998
-0.6997
-0.9819839999999997
-0.42967900000000014
-0.7134239999999998
-0.6997
-0.9819839999999997
-0.42967900000000014
-0.7134239999999998
-0.6997
-0.9819839999999997
-0.42967900000000014
-0.7134239999999998
-0.6997
-0.9819839999999997
-0.42967900000000014
-0.7134239999999998
-0.6997
-0.9819839999999997
-0.42967900000000014
-0.7134239999999998
-0.6997
-0.9819839999999997
-0.42967900000000014
-0.7134239999999998
-0.6997
-0.9819839999999997
-0.42967900000000014
-0.7134239999999998
-0.6997
-0.9819839999999997
-0.42967900000000014
-0.7134239999999998
-0.6997
-0.9819839999999997
-0.42967900000000014
-0.7134239999999998
-0.6997
-0.9819839999999997
-0.42967900000000014
-0.7134239999999998
-0.6997
-0.9819839999999997
-0.42967900000000014
-0.7134239999999998
-0.6997
-0.9819839999999997
-0.42967900000000014
-0.7134239999999998
-0.6997
-0.9819839999999997
-0.42967900000000014
-0.7134239999999998
-0.6997
-0.9819839999999997
-0.42967900000000014
-0.7134239999999998
-0.6997
-0.9819839999999997
-0.42967900000000014
-0.7134239999999998
-0.6997
