0.6490910000000003
1.2547739999999994
1.6716110000000004
1.2775890000000008
0.6490910000000003
1.2547739999999994
1.6716110000000004
1.2775890000000008
0.6490910000000003
1.2547739999999994
1.6716110000000004
1.2775890000000008
0.6490910000000003
1.2547739999999994
1.6716110000000004
1.2775890000000008
0.6490910000000003
1.2547739999999994
1.6716110000000004
1.2775890000000008
0.6490910000000003
1.2547739999999994
1.6716110000000004
1.2775890000000008
0.6490910000000003
1.2547739999999994
1.6716110000000004
1.2775890000000008
0.6490910000000003
1.2547739999999994
1.6716110000000004
1.2775890000000008
0.6490910000000003
1.2547739999999994
1.6716110000000004
1.2775890000000008
0.6490910000000003
1.2547739999999994
1.6716110000000004
1.2775890000000008
0.6490910000000003
1.2547739999999994
1.6716110000000004
1.2775890000000008
0.6490910000000003
1.2547739999999994
1.6716110000000004
1.2775890000000008
0.6490910000000003
1.2547739999999994
1.6716110000000004
1.2775890000000008
0.6490910000000003
1.2547739999999994
1.6716110000000004
1.2775890000000008
0.6490910000000003
1.2547739999999994
1.6716110000000004
1.2775890000000008
0.6490910000000003
1.2547739999999994
1.6716110000000004
1.2775890000000008
0.6490910000000003
1.2547739999999994
1.6716110000000004
1.2775890000000008
0.6490910000000003
1.2547739999999994
1.6716110000000004
1.2775890000000008
0.6490910000000003
1.2547739999999994
1.6716110000000004
1.2775890000000008
0.6490910000000003
1.2547739999999994
1.6716110000000004
1.2775890000000008
0.6490910000000003
1.2547739999999994
1.6716110000000004
1.2775890000000008
0.6490910000000003
1.2547739999999994
1.6716110000000004
1.2775890000000008
0.6490910000000003
1.2547739999999994
1.6716110000000004
1.2775890000000008
0.6490910000000003
1.2547739999999994
1.6716110000000004
1.2775890000000008
0.6490910000000003
1.2547739999999994
1.6716110000000004
1.2775890000000008
0.6490910000000003
1.2547739999999994
1.6716110000000004
1.2775890000000008
0.6490910000000003
1.2547739999999994
1.6716110000000004
1.2775890000000008
-1.2119299999999997
-1.135752
-1.2166940000000004
-1.2886870000000004
-1.2119299999999997
-1.135752
-1.2166940000000004
-1.2886870000000004
-1.2119299999999997
-1.135752
-1.2166940000000004
-1.2886870000000004
-1.2119299999999997
-1.135752
-1.2166940000000004
-1.2886870000000004
-1.2119299999999997
-1.135752
-1.2166940000000004
-1.2886870000000004
-1.2119299999999997
-1.135752
-1.2166940000000004
-1.2886870000000004
-1.2119299999999997
-1.135752
-1.2166940000000004
-1.2886870000000004
-1.2119299999999997
-1.135752
-1.2166940000000004
-1.2886870000000004
-1.2119299999999997
-1.135752
-1.2166940000000004
-1.2886870000000004
-1.2119299999999997
-1.135752
-1.2166940000000004
-1.2886870000000004
-1.2119299999999997
-1.135752
-1.2166940000000004
-1.2886870000000004
-1.2119299999999997
-1.135752
-1.2166940000000004
-1.2886870000000004
-1.2119299999999997
-1.135752
-1.2166940000000004
-1.2886870000000004
-1.2119299999999997
-1.135752
-1.2166940000000004
-1.2886870000000004
-1.2119299999999997
-1.135752
-1.2166940000000004
-1.2886870000000004
-1.2119299999999997
-1.135752
-1.2166940000000004
-1.2886870000000004
-1.2119299999999997
-1.135752
-1.2166940000000004
-1.2886870000000004
-1.2119299999999997
-1.135752
-1.2166940000000004
-1.2886870000000004
-1.2119299999999997
-1.135752
-1.2166940000000004
-1.2886870000000004
-1.2119299999999997
-1.135752
-1.2166940000000004
-1.2886870000000004
-1.2119299999999997
-1.135752
-1.2166940000000004
-1.2886870000000004
-1.2119299999999997
-1.135752
-1.2166940000000004
-1.2886870000000004
-1.2119299999999997
-1.135752
-1.2166940000000004
-1.2886870000000004
-1.2119299999999997
-1.135752
-1.2166940000000004
-1.2886870000000004
-1.2119299999999997
-1.135752
-1.2166940000000004
-1.2886870000000004
-1.2119299999999997
-1.135752
-1.2166940000000004
-1.2886870000000004
-1.2119299999999997
-1.135752
-1.2166940000000004
-1.2886870000000004
